93 93 16 31 23
87 95 18 32 24
82 97 20 33 24
83 97 20 33 23
85 96 18 33 24
84 97 19 32 24
85 96 19 32 24
82 98 20 33 23
82 98 20 33 23
83 97 20 33 23
82 98 20 33 23
83 97 20 33 23
83 97 20 33 23
83 97 20 33 23
83 97 20 33 23
84 97 19 32 24
81 98 20 33 24
80 99 20 33 24
81 99 21 33 22
82 98 20 33 23
81 98 21 33 23
81 98 21 33 23
79 100 21 33 23
80 99 21 33 23
82 98 20 33 23
81 98 20 33 24
83 97 19 33 24
84 96 19 33 24
82 98 21 33 22
84 96 19 33 24
83 97 20 33 23
83 97 21 33 22
85 96 19 33 23
81 98 21 33 23
82 98 20 33 23
85 96 19 33 23
84 97 20 32 23
84 96 20 33 23
83 97 20 33 23
84 96 20 33 23
85 96 19 33 23
82 98 20 33 23
84 97 18 33 24
84 97 18 32 25
82 98 20 33 23
82 98 20 33 23
83 97 20 33 23
84 97 19 33 23
82 98 21 33 22
85 96 18 33 24
84 97 20 32 23
84 96 20 33 23
83 97 19 33 24
83 97 20 33 23
82 98 20 33 23
82 98 19 33 24
81 98 21 33 23
82 98 20 33 23
82 98 20 33 23
81 99 21 33 22
82 97 21 33 23
83 97 20 33 23
83 97 20 33 23
82 98 20 33 23
82 98 20 33 23
83 97 19 33 24
83 97 19 33 24
81 98 20 33 24
80 99 21 33 23
81 98 21 33 23
81 98 21 33 23
79 99 23 33 22
82 98 20 33 23
82 98 21 33 22
83 97 20 33 23
81 98 22 33 22
80 99 21 33 23
80 99 20 33 24
80 99 22 33 22
80 99 21 33 23
83 97 19 33 24
82 98 20 33 23
82 98 21 33 22
83 97 19 33 24
83 97 19 33 24
84 96 20 33 23
85 96 19 33 23
84 96 20 33 23
85 96 18 33 24
83 97 20 33 23
85 96 18 33 24
84 96 20 33 23
82 97 22 33 22
83 97 19 33 24
84 97 19 33 23
82 97 21 33 23
84 97 19 33 23
83 97 20 33 23
82 98 20 33 23
83 97 19 33 24
83 97 19 33 24
83 97 20 33 23
83 97 20 33 23
81 98 21 33 23
81 98 21 33 23
83 97 20 33 23
82 98 21 33 22
82 98 21 33 22
84 96 20 33 23
83 97 19 33 24
83 97 20 33 23
81 98 22 33 22
83 97 20 33 23
84 96 20 33 23
84 96 20 33 23
83 97 20 33 23
82 97 21 33 23
83 97 20 33 23
81 98 22 33 22
84 96 20 33 23
82 97 21 33 23
81 98 22 33 22
82 98 21 33 22
83 97 20 33 23
80 99 21 33 23
80 99 21 33 23
81 98 20 33 24
81 98 20 33 24
82 98 20 33 23
81 98 22 33 22
81 98 21 33 23
82 98 21 33 22
80 99 22 33 22
81 98 22 33 22
81 98 22 33 22
80 99 22 33 22
81 98 21 33 23
82 97 21 33 23
81 98 22 33 22
81 98 21 33 23
82 98 20 33 23
83 97 19 33 24
80 99 21 33 23
81 98 21 33 23
84 96 19 33 24
83 97 20 33 23
84 96 19 33 24
84 96 20 33 23
85 96 18 33 24
84 97 19 33 23
84 97 19 33 23
85 96 19 33 23
84 97 19 33 23
83 97 21 33 22
82 98 21 32 23
84 96 20 33 23
83 97 20 33 23
84 96 20 33 23
82 98 20 33 23
83 97 21 33 22
84 96 20 33 23
81 98 22 33 22
82 97 21 33 23
83 97 20 33 23
83 97 20 33 23
82 97 21 33 23
84 96 20 33 23
83 97 20 33 23
83 97 20 33 23
82 98 20 33 23
84 97 19 33 23
85 96 18 33 24
84 96 19 33 24
83 97 19 33 24
83 97 19 33 24
83 97 20 33 23
83 97 20 33 23
82 97 21 33 23
83 97 20 33 23
81 98 22 33 22
83 97 20 33 23
82 98 21 33 22
81 98 22 33 22
82 97 21 33 23
81 98 21 33 23
82 98 20 33 23
85 96 18 33 24
83 97 20 33 23
83 97 20 33 23
83 97 20 33 23
82 97 21 33 23
81 98 22 33 22
82 97 22 33 22
81 98 22 33 22
81 98 22 33 22
81 98 23 33 21
82 97 22 33 22
83 97 20 33 23
82 98 20 33 23
81 98 22 33 22
82 98 21 33 22
81 98 21 33 23
82 98 20 33 23
82 97 21 33 23
82 98 20 33 23
80 99 22 33 22
80 99 23 33 21
82 97 21 33 23
79 99 23 33 22
80 99 22 33 22
80 99 22 33 22
80 99 22 33 22
80 99 22 33 22
80 99 22 33 22
80 99 21 33 23
82 98 21 33 22
82 98 20 33 23
81 98 22 33 22
84 97 18 33 24
84 97 18 33 24
83 97 20 33 23
85 96 18 33 24
83 97 21 33 22
84 96 20 33 23
84 97 20 32 23
84 96 20 33 23
83 97 20 33 23
83 97 20 33 23
84 96 20 33 23
82 98 21 33 22
83 97 20 33 23
81 98 22 33 22
83 97 20 33 23
81 98 22 33 22
83 97 21 33 22
83 97 20 33 23
81 98 22 33 22
81 98 22 33 22
81 98 22 33 22
84 96 20 33 23
82 98 21 33 22
82 97 21 33 23
81 98 21 33 23
80 99 22 33 22
83 97 19 33 24
81 98 21 33 23
83 97 20 33 23
82 98 20 33 23
82 97 21 33 23
85 96 19 32 24
82 98 20 33 23
83 97 19 33 24
84 97 19 33 23
83 97 19 33 24
84 96 20 33 23
84 97 19 33 23
83 97 20 33 23
83 97 20 33 23
83 97 21 33 22
81 98 21 33 23
84 97 19 33 23
83 97 20 33 23
83 97 19 33 24
82 98 21 33 22
83 97 20 33 23
82 98 21 33 22
83 97 21 33 22
81 98 22 33 22
82 98 21 33 22
81 98 22 33 22
83 97 21 33 22
82 97 22 33 22
79 99 24 33 21
81 98 22 33 22
79 99 24 33 21
81 98 22 33 22
79 99 23 33 22
81 98 22 33 22
80 99 21 33 23
80 99 22 33 22
82 98 20 33 23
82 97 21 33 23
81 98 21 33 23
81 98 21 33 23
81 98 22 33 22
82 98 20 33 23
81 98 21 33 23
81 98 22 33 22
81 98 22 33 22
80 99 22 33 22
80 99 22 33 22
79 99 23 33 22
79 100 23 33 21
78 100 24 33 21
81 98 22 33 22
81 98 22 33 22
79 100 23 33 21
80 99 21 33 23
81 98 21 33 23
81 98 21 33 23
80 99 21 33 23
80 99 22 33 22
84 97 18 33 24
85 96 19 33 23
84 96 19 33 24
84 96 19 33 24
83 97 20 33 23
85 96 19 32 24
85 96 19 33 23
83 97 20 33 23
84 96 20 33 23
82 98 21 33 22
82 97 22 33 22
81 98 22 33 22
83 97 21 33 22
80 99 23 33 21
81 98 22 33 22
80 99 23 33 21
82 97 22 33 22
81 98 22 33 22
83 97 21 33 22
79 99 24 33 21
81 98 22 33 22
78 100 25 33 20
78 100 24 33 21
81 98 22 33 22
80 99 23 33 21
79 99 24 33 21
80 98 23 33 22
80 99 23 33 21
79 99 24 33 21
81 98 22 33 22
83 97 21 33 22
84 96 21 33 22
83 97 20 33 23
82 97 21 33 23
83 97 20 33 23
82 97 21 33 23
81 98 22 33 22
82 97 21 33 23
83 97 20 33 23
84 96 19 33 24
84 96 19 33 24
82 98 19 33 24
83 97 19 33 24
84 96 20 33 23
83 97 20 33 23
83 97 21 33 22
82 98 20 33 23
83 97 20 33 23
84 97 19 32 24
83 97 19 33 24
83 98 18 32 25
83 97 21 33 22
82 97 21 33 23
81 98 21 33 23
81 98 22 33 22
80 98 23 33 22
81 98 23 33 21
80 99 23 33 21
78 100 25 33 20
79 99 24 33 21
79 99 24 33 21
80 99 23 33 21
79 99 24 33 21
82 98 20 33 23
83 97 19 33 24
82 98 20 33 23
81 99 20 33 23
82 97 20 33 24
82 98 20 33 23
80 99 22 33 22
79 100 23 33 21
78 100 25 33 20
78 100 24 33 21
77 101 24 33 21
78 100 24 33 21
76 101 25 34 20
78 100 25 33 20
82 98 21 33 22
80 99 22 33 22
80 99 22 33 22
81 98 21 33 23
81 98 21 33 23
82 98 21 33 22
81 98 22 33 22
80 99 22 33 22
82 98 20 33 23
83 97 19 33 24
84 96 20 33 23
83 97 20 33 23
83 97 20 33 23
84 96 20 33 23
82 98 21 33 22
81 98 22 33 22
83 97 21 33 22
81 98 22 33 22
79 99 24 33 21
79 99 24 33 21
81 98 22 33 22
80 98 23 33 22
80 98 24 33 21
79 99 24 33 21
81 98 23 33 21
78 100 25 33 20
76 101 25 34 20
77 100 25 34 20
79 99 24 33 21
78 99 25 33 21
80 98 23 33 22
77 100 25 34 20
78 100 24 33 21
78 100 24 33 21
79 99 24 33 21
81 98 23 33 21
79 99 24 33 21
79 99 24 33 21
80 99 23 33 21
80 99 23 33 21
80 99 23 33 21
78 100 24 33 21
82 97 21 33 23
84 96 20 33 23
83 97 20 33 23
82 98 21 33 22
84 96 19 33 24
85 96 19 33 23
85 96 19 33 23
83 97 19 33 24
84 97 20 32 23
82 97 21 33 23
81 98 22 33 22
83 97 21 33 22
82 97 22 33 22
80 99 22 33 22
79 99 23 33 22
83 97 20 33 23
81 98 21 33 23
83 97 20 33 23
83 97 20 33 23
85 96 19 33 23
83 97 20 33 23
83 97 20 33 23
81 98 22 33 22
80 98 23 33 22
78 100 25 33 20
77 101 25 33 20
78 100 25 33 20
75 101 26 34 20
77 100 25 34 20
78 100 25 33 20
78 100 24 33 21
82 97 22 33 22
82 98 20 33 23
81 98 22 33 22
80 99 22 33 22
81 98 21 33 23
82 98 21 33 22
81 98 21 33 23
80 98 23 33 22
80 99 22 33 22
78 100 24 33 21
78 100 25 33 20
74 103 27 33 19
75 101 26 34 20
76 100 26 34 20
76 101 25 34 20
78 100 24 33 21
76 101 26 33 20
80 99 23 33 21
80 99 22 33 22
82 98 21 32 23
83 97 20 33 23
83 97 20 33 23
77 100 25 33 21
75 102 26 33 20
77 100 25 34 20
82 98 19 33 24
85 96 18 33 24
84 97 19 33 23
83 97 20 33 23
84 97 19 33 23
84 96 20 33 23
85 96 19 33 23
84 96 20 33 23
82 97 22 33 22
79 99 24 33 21
80 99 23 33 21
79 99 24 33 21
78 100 24 33 21
79 99 24 33 21
77 100 25 33 21
76 101 26 34 19
76 100 26 34 20
75 101 27 34 19
77 100 25 34 20
78 99 25 34 20
76 100 26 34 20
77 100 25 34 20
76 101 26 33 20
79 99 24 33 21
81 98 23 33 21
77 100 25 34 20
80 99 23 33 21
80 98 23 33 22
83 97 21 33 22
82 97 21 33 23
83 97 21 33 22
81 98 22 33 22
85 96 20 32 23
83 97 20 33 23
83 97 19 33 24
85 96 18 33 24
84 96 19 33 24
85 96 19 33 23
83 97 20 33 23
84 96 20 33 23
84 96 20 33 23
81 98 22 33 22
81 98 22 33 22
80 99 23 33 21
73 103 27 34 19
76 101 27 33 19
77 100 26 33 20
74 102 27 34 19
80 98 24 33 21
79 99 24 33 21
82 97 22 33 22
81 98 21 33 23
81 98 22 33 22
81 98 22 33 22
83 97 20 33 23
84 97 19 33 23
80 99 21 33 23
82 98 21 33 22
83 97 21 33 22
81 98 22 33 22
77 100 25 34 20
75 101 26 34 20
73 103 28 34 18
75 101 26 34 20
76 100 26 34 20
77 100 26 33 20
76 101 26 33 20
80 99 23 33 21
81 98 22 33 22
82 98 21 33 22
83 97 20 33 23
82 98 20 33 23
83 97 19 33 24
80 99 21 33 23
80 99 23 33 21
80 99 23 33 21
79 99 24 33 21
76 101 26 33 20
75 102 26 33 20
75 102 26 34 19
73 103 28 34 18
73 103 28 34 18
76 101 26 33 20
80 99 23 33 21
79 99 24 33 21
79 99 23 33 22
81 98 21 33 23
82 98 20 33 23
82 98 20 33 23
83 97 20 33 23
77 100 25 34 20
80 99 22 33 22
84 97 18 33 24
85 96 18 33 24
83 97 20 33 23
82 97 21 33 23
83 97 20 33 23
84 96 20 33 23
82 97 22 33 22
83 97 21 33 22
81 98 22 33 22
80 98 23 33 22
78 100 24 33 21
74 102 27 34 19
76 100 25 34 21
85 95 19 33 24
91 93 14 32 26
80 98 22 34 22
78 99 24 33 22
77 100 25 34 20
79 99 24 33 21
80 98 24 33 21
82 97 21 33 23
83 97 21 33 22
82 97 21 33 23
84 96 20 33 23
83 97 20 33 23
82 98 20 33 23
83 97 19 32 25
84 97 19 33 23
84 96 19 33 24
82 98 19 33 24
83 97 20 33 23
82 97 21 33 23
82 97 21 33 23
83 97 21 33 22
80 99 22 33 22
78 100 24 33 21
79 99 23 33 22
80 98 23 33 22
81 98 22 33 22
81 98 22 33 22
82 97 21 33 23
81 98 22 33 22
82 97 21 33 23
82 97 21 33 23
83 97 20 33 23
83 97 20 33 23
82 98 20 33 23
83 97 20 33 23
84 96 19 33 24
82 98 20 33 23
83 97 20 33 23
82 97 22 33 22
74 103 26 33 20
75 102 26 33 20
85 96 19 32 24
76 100 26 34 20
77 100 25 34 20
81 98 21 33 23
83 97 21 33 22
81 98 21 33 23
83 97 20 33 23
82 98 20 33 23
83 97 19 33 24
84 97 19 32 24
81 98 21 33 23
83 97 20 33 23
80 99 23 33 21
80 99 23 33 21
81 98 22 33 22
78 100 24 33 21
76 101 26 33 20
77 100 25 33 21
71 104 29 34 18
75 102 26 33 20
78 100 24 33 21
78 100 24 33 21
80 99 23 33 21
80 99 23 33 21
81 98 22 33 22
80 99 22 33 22
81 98 21 33 23
82 98 20 33 23
78 100 24 33 21
78 100 24 33 21
84 96 19 33 24
83 97 20 33 23
84 97 19 32 24
83 97 20 33 23
83 97 20 33 23
85 96 19 33 23
85 96 19 33 23
83 97 21 33 22
81 98 21 33 23
82 98 21 33 22
81 98 22 33 22
78 100 24 33 21
80 98 23 33 22
78 100 24 33 21
75 101 26 34 20
76 101 25 33 21
77 100 25 34 20
80 98 23 33 22
79 99 24 33 21
82 97 22 33 22
82 97 21 33 23
80 98 23 33 22
80 99 21 33 23
82 98 20 33 23
83 97 20 33 23
82 98 20 33 23
83 97 20 33 23
84 96 19 33 24
82 98 19 33 24
83 97 19 33 24
83 97 19 33 24
83 97 20 33 23
82 98 21 33 22
81 98 22 33 22
80 99 22 33 22
79 99 24 33 21
73 103 27 33 20
75 102 26 33 20
80 98 23 33 22
81 98 22 33 22
80 99 22 33 22
81 98 21 33 23
81 98 22 33 22
83 97 19 33 24
82 98 20 33 23
83 97 20 33 23
83 97 19 33 24
83 97 20 33 23
84 96 20 33 23
81 98 21 33 23
76 101 26 33 20
74 102 27 34 19
76 100 26 34 20
76 101 25 33 21
80 99 22 33 22
81 98 21 33 23
80 99 23 33 21
83 97 19 33 24
81 98 21 33 23
82 98 20 33 23
82 98 20 33 23
81 98 21 33 23
83 97 20 33 23
82 98 21 33 22
79 99 23 33 22
78 100 24 33 21
78 100 24 33 21
76 101 26 33 20
73 103 27 33 20
75 102 26 34 19
76 101 26 34 19
79 99 24 33 21
78 100 24 33 21
79 99 23 33 22
78 100 24 33 21
81 98 21 33 23
82 98 20 33 23
81 98 21 33 23
81 98 21 33 23
82 98 19 33 24
83 97 20 33 23
82 98 21 33 22
84 97 19 33 23
82 97 21 33 23
82 98 21 33 22
82 98 21 33 22
81 98 22 33 22
80 99 22 33 22
79 99 24 33 21
75 102 27 33 19
75 102 26 33 20
74 102 26 34 20
74 102 27 34 19
74 103 26 33 20
74 103 27 33 19
78 100 24 33 21
78 100 25 33 20
78 100 24 33 21
80 99 22 33 22
80 98 23 33 22
82 97 21 33 23
80 99 22 33 22
82 98 21 33 22
81 98 21 33 23
81 98 21 33 23
83 97 20 32 24
81 98 21 33 23
81 99 20 33 23
83 97 19 33 24
84 96 20 33 23
82 97 21 33 23
82 98 21 33 22
77 100 25 33 21
76 100 26 34 20
75 101 26 34 20
75 102 26 33 20
81 98 22 33 22
83 97 21 33 22
83 97 20 33 23
83 97 19 33 24
83 97 19 33 24
84 97 19 33 23
81 98 22 33 22
76 101 26 33 20
75 101 26 34 20
74 102 27 34 19
75 102 26 33 20
78 100 24 33 21
80 99 23 33 21
80 99 23 33 21
83 97 20 33 23
82 98 20 33 23
84 97 18 33 24
85 96 18 33 24
83 97 20 33 23
84 96 19 33 24
83 97 20 33 23
82 98 21 33 22
82 97 22 33 22
79 99 24 33 21
77 100 25 33 21
76 101 26 33 20
78 100 24 33 21
81 98 23 33 21
81 98 21 33 23
82 97 21 33 23
84 96 20 33 23
83 97 20 33 23
83 97 20 33 23
84 96 19 33 24
84 96 19 33 24
82 98 20 33 23
82 98 20 33 23
82 97 21 33 23
80 99 22 33 22
82 98 20 33 23
80 99 22 33 22
81 98 22 33 22
81 98 22 33 22
83 97 20 33 23
81 98 23 33 21
79 99 24 33 21
77 101 26 33 19
78 99 25 33 21
77 100 25 33 21
75 101 26 34 20
73 104 27 33 19
74 102 26 34 20
76 101 26 33 20
77 101 25 33 20
78 100 24 33 21
79 99 23 33 22
80 99 23 33 21
81 98 22 33 22
81 98 22 33 22
82 98 21 33 22
82 98 21 33 22
81 98 21 33 23
82 97 21 33 23
82 98 20 33 23
82 98 20 33 23
84 97 19 32 24
83 97 19 33 24
83 97 20 33 23
83 97 21 33 22
83 97 21 33 22
80 99 23 33 21
77 99 25 34 21
75 101 26 34 20
78 100 24 33 21
82 97 21 33 23
82 97 21 33 23
83 97 20 33 23
83 97 20 32 24
83 97 20 33 23
82 97 21 33 23
81 98 22 33 22
83 97 20 33 23
81 98 23 33 21
80 99 23 33 21
81 98 23 33 21
79 99 24 33 21
81 98 21 33 23
78 100 25 33 20
79 99 24 33 21
80 98 23 33 22
80 99 23 33 21
81 98 22 33 22
81 98 22 33 22
83 97 20 33 23
83 97 20 33 23
84 97 19 32 24
83 97 20 33 23
83 97 19 33 24
84 96 20 33 23
80 98 24 33 21
78 100 24 33 21
78 99 24 34 21
84 96 19 33 24
75 101 26 34 20
75 101 26 34 20
80 99 23 33 21
82 97 21 33 23
85 96 19 33 23
83 97 20 33 23
84 96 20 33 23
82 98 21 33 22
84 96 19 33 24
82 97 21 33 23
82 97 22 33 22
83 97 20 33 23
81 98 22 33 22
83 97 21 33 22
83 97 19 33 24
82 98 20 33 23
82 98 20 33 23
82 98 21 33 22
81 98 21 33 23
81 98 22 33 22
82 97 22 33 22
81 98 22 33 22
82 97 21 33 23
79 99 24 33 21
79 99 23 33 22
79 99 24 33 21
81 98 22 33 22
77 100 25 34 20
73 103 27 34 19
75 101 27 34 19
71 105 28 33 19
70 106 30 33 17
74 102 27 34 19
73 103 28 34 18
79 99 25 33 20
79 99 25 33 20
79 99 24 33 21
79 99 23 33 22
81 98 21 33 23
80 99 22 33 22
80 99 23 33 21
81 98 21 33 23
82 98 20 33 23
82 97 21 33 23
82 98 21 33 22
81 98 21 33 23
83 97 20 33 23
82 97 21 33 23
84 96 20 33 23
84 96 20 33 23
82 97 22 33 22
80 98 24 33 21
78 99 24 34 21
77 100 25 33 21
74 102 27 34 19
75 101 26 34 20
75 101 26 34 20
74 102 26 34 20
72 104 27 34 19
81 98 23 33 21
82 97 22 33 22
82 98 21 33 22
81 98 22 33 22
83 97 20 33 23
83 97 19 33 24
83 97 20 33 23
82 97 21 33 23
82 98 21 32 23
83 97 20 33 23
83 97 21 33 22
81 98 22 33 22
80 99 22 33 22
82 97 22 33 22
79 99 24 33 21
78 99 25 34 20
75 101 26 34 20
75 101 26 34 20
73 104 27 33 19
76 101 25 34 20
76 101 26 34 19
80 98 24 33 21
80 99 23 33 21
81 98 22 33 22
81 98 22 33 22
82 98 21 33 22
82 97 21 33 23
83 97 20 33 23
85 96 19 33 23
83 97 19 33 24
84 97 19 33 23
83 97 20 33 23
85 96 19 33 23
81 98 22 33 22
84 96 20 33 23
81 98 23 33 21
77 99 25 34 21
77 100 25 34 20
76 100 25 34 21
75 101 26 34 20
78 100 24 33 21
82 97 23 33 21
81 98 22 33 22
83 97 20 33 23
84 96 19 33 24
84 97 19 33 23
85 96 19 32 24
83 97 20 33 23
82 98 21 33 22
83 97 19 33 24
82 98 21 33 22
82 98 21 33 22
81 98 22 33 22
81 98 22 33 22
81 98 22 33 22
81 98 22 33 22
81 98 21 33 23
80 99 23 33 21
81 98 23 33 21
80 98 24 33 21
80 98 23 33 22
78 99 25 34 20
76 101 26 33 20
76 101 25 33 21
75 101 27 34 19
75 101 26 34 20
76 101 26 33 20
78 100 24 33 21
78 100 25 33 20
79 99 24 33 21
78 100 25 33 20
78 100 24 33 21
79 99 24 33 21
81 98 21 33 23
80 99 23 33 21
81 98 22 33 22
81 98 22 33 22
81 98 21 33 23
80 99 22 33 22
81 98 21 33 23
82 98 19 33 24
84 97 19 33 23
83 97 20 33 23
83 97 20 33 23
82 97 22 33 22
83 97 20 33 23
82 97 21 33 23
82 97 22 33 22
82 97 22 33 22
79 99 24 33 21
82 97 22 33 22
77 100 25 33 21
79 99 24 33 21
80 98 23 33 22
81 98 22 33 22
81 98 23 33 21
81 98 22 33 22
83 97 20 33 23
82 98 20 33 23
83 97 20 33 23
84 96 19 33 24
83 97 20 33 23
83 97 21 33 22
81 98 22 33 22
82 98 21 33 22
82 97 22 33 22
81 98 22 33 22
80 98 23 33 22
79 99 24 33 21
77 100 26 33 20
78 99 24 34 21
79 99 24 33 21
76 101 26 33 20
79 99 24 33 21
79 99 24 33 21
78 100 25 33 20
81 98 23 33 21
79 99 24 33 21
80 99 23 33 21
81 98 22 33 22
82 98 20 33 23
81 98 21 33 23
83 97 19 33 24
83 97 19 33 24
85 96 19 32 24
84 97 19 33 23
84 96 19 33 24
84 96 20 33 23
84 96 20 33 23
83 96 21 33 23
82 97 22 33 22
81 98 23 33 21
81 98 22 33 22
82 98 21 33 22
84 96 20 33 23
84 96 19 33 24
85 96 19 33 23
83 97 20 33 23
80 99 20 33 24
79 100 21 33 23
81 98 21 33 23
80 99 22 33 22
81 98 21 33 23
80 99 22 33 22
81 98 22 33 22
80 99 23 33 21
82 97 21 33 23
81 98 22 33 22
79 99 24 33 21
80 98 23 33 22
80 99 23 33 21
82 97 22 33 22
81 98 23 33 21
78 100 24 33 21
79 99 24 33 21
79 99 24 33 21
78 100 24 33 21
78 100 25 33 20
79 99 24 33 21
78 100 25 33 20
79 99 24 33 21
79 99 23 33 22
79 99 24 33 21
80 98 24 33 21
81 98 22 33 22
80 98 23 33 22
81 98 22 33 22
80 99 22 33 22
81 98 22 33 22
81 98 21 33 23
83 97 19 33 24
80 99 21 33 23
81 99 20 33 23
82 98 19 33 24
82 97 21 33 23
83 97 20 33 23
82 98 21 33 22
82 98 21 33 22
81 98 22 33 22
83 97 21 33 22
83 97 20 33 23
81 98 22 33 22
81 98 23 33 21
82 97 22 33 22
81 98 22 33 22
82 97 21 33 23
83 97 21 33 22
82 98 21 33 22
84 97 19 32 24
84 97 18 33 24
82 98 19 33 24
80 99 21 33 23
83 97 20 33 23
82 97 21 33 23
81 98 21 33 23
82 98 21 33 22
83 97 21 33 22
83 97 21 33 22
81 98 22 33 22
82 97 22 33 22
82 97 22 33 22
81 98 23 33 21
83 97 21 33 22
81 98 22 33 22
80 99 23 33 21
83 97 21 33 22
81 98 22 33 22
82 97 21 33 23
82 98 21 33 22
83 97 20 33 23
83 97 20 33 23
82 98 19 33 24
83 97 20 33 23
83 97 20 33 23
84 96 20 33 23
83 97 21 33 22
85 96 19 33 23
83 97 21 33 22
83 97 20 33 23
81 98 22 33 22
81 98 22 33 22
83 97 21 33 22
84 96 20 33 23
84 96 20 33 23
83 97 20 33 23
84 96 19 33 24
82 98 19 33 24
83 97 18 33 25
80 99 21 33 23
79 100 22 33 22
81 98 21 33 23
82 98 21 33 22
83 97 20 33 23
81 98 23 33 21
80 99 23 33 21
81 98 22 33 22
82 97 21 33 23
82 97 21 33 23
81 98 22 33 22
80 98 23 33 22
80 99 22 33 22
81 98 22 33 22
79 99 24 33 21
80 99 23 33 21
79 99 23 33 22
78 100 24 33 21
81 98 22 33 22
80 99 22 33 22
81 98 22 33 22
81 98 23 33 21
81 98 22 33 22
80 99 23 33 21
80 99 23 33 21
80 99 23 33 21
78 100 23 33 22
77 101 24 33 21
79 100 23 33 21
77 101 23 33 22
81 98 21 33 23
80 99 22 33 22
80 99 21 33 23
84 96 19 33 24
83 97 20 33 23
82 98 21 32 23
82 97 21 33 23
83 97 20 33 23
83 97 20 33 23
81 98 22 33 22
81 98 23 33 21
83 97 21 33 22
82 97 21 33 23
83 97 20 33 23
80 99 22 33 22
80 99 22 33 22
81 99 20 33 23
82 98 19 33 24
82 98 19 33 24
84 97 19 32 24
82 97 21 33 23
81 98 22 33 22
82 97 21 33 23
82 97 21 33 23
82 97 21 33 23
82 98 21 33 22
82 98 21 33 22
79 100 22 33 22
79 100 22 33 22
83 97 19 33 24
84 97 19 32 24
82 98 20 33 23
81 98 20 33 24
84 96 20 33 23
84 96 20 33 23
82 97 21 33 23
83 97 20 33 23
84 96 20 33 23
84 96 20 33 23
82 97 22 33 22
83 97 20 32 24
81 98 22 33 22
82 97 22 33 22
82 97 22 33 22
80 99 23 33 21
83 97 20 33 23
82 97 22 33 22
83 97 20 33 23
84 96 20 33 23
82 98 21 33 22
84 96 20 33 23
80 99 23 33 21
80 99 21 33 23
81 98 21 33 23
82 98 19 33 24
82 97 21 33 23
83 97 20 33 23
80 99 23 33 21
82 98 21 33 22
82 97 21 33 23
84 96 20 33 23
83 97 21 33 22
80 99 22 33 22
81 98 21 33 23
81 98 21 33 23
79 100 22 33 22
80 99 23 33 21
79 100 23 33 21
79 100 23 33 21
80 99 22 33 22
82 98 21 33 22
83 97 20 33 23
81 98 22 33 22
81 98 22 33 22
81 98 22 33 22
81 98 21 33 23
79 100 22 33 22
78 100 24 33 21
78 100 23 33 22
79 100 23 33 21
79 100 21 33 23
84 97 19 33 23
82 97 20 33 24
81 98 22 33 22
83 97 20 33 23
85 96 19 33 23
82 97 21 33 23
79 99 24 33 21
81 98 22 33 22
82 97 21 33 23
82 98 21 33 22
83 97 20 33 23
83 97 20 33 23
81 98 21 33 23
79 99 23 33 22
81 98 21 33 23
80 99 22 33 22
82 98 20 33 23
83 97 19 33 24
82 98 21 33 22
83 97 20 33 23
85 96 19 33 23
82 98 20 33 23
81 98 22 33 22
81 98 22 33 22
81 98 22 33 22
85 96 19 33 23
83 97 21 33 22
82 98 21 33 22
80 99 22 33 22
81 98 22 33 22
80 99 22 33 22
81 99 20 32 24
79 100 21 33 23
83 97 20 33 23
84 96 20 33 23
83 97 20 33 23
81 98 21 33 23
83 97 20 33 23
82 97 21 33 23
82 98 21 33 22
84 96 20 33 23
81 98 21 33 23
82 98 20 33 23
81 98 21 33 23
85 96 19 33 23
86 96 18 32 24
84 96 20 33 23
79 100 21 33 23
78 100 23 33 22
82 98 20 33 23
82 98 21 33 22
82 98 21 33 22
80 99 22 33 22
79 99 23 33 22
80 99 22 33 22
79 99 23 33 22
80 99 22 33 22
81 98 22 33 22
81 98 22 33 22
81 98 22 33 22
81 98 21 33 23
82 98 21 32 23
81 98 22 33 22
79 99 23 33 22
80 99 22 33 22
81 98 22 33 22
82 98 20 33 23
82 97 21 33 23
80 99 22 33 22
78 101 24 33 20
78 101 22 33 22
79 100 21 33 23
82 98 20 33 23
83 97 20 33 23
82 98 21 32 23
83 97 20 33 23
83 97 20 33 23
83 97 20 33 23
82 98 20 33 23
82 97 21 33 23
80 99 22 33 22
84 96 18 33 25
84 97 18 33 24
83 97 19 33 24
81 98 21 33 23
82 98 20 33 23
82 98 21 33 22
82 98 20 33 23
84 97 20 32 23
83 97 20 33 23
83 97 20 33 23
83 97 20 33 23
83 97 20 33 23
81 98 21 33 23
82 98 21 33 22
84 97 19 33 23
83 97 20 33 23
82 98 20 33 23
82 98 21 33 22
84 96 20 33 23
82 98 20 33 23
80 99 22 33 22
83 97 19 33 24
84 96 19 33 24
83 97 20 33 23
84 96 19 33 24
81 99 19 33 24
80 99 21 33 23
82 98 19 33 24
79 99 22 33 23
82 98 20 33 23
80 99 21 33 23
81 99 21 33 22
81 98 21 33 23
80 99 22 33 22
82 97 21 33 23
81 98 22 33 22
82 98 20 33 23
83 97 21 33 22
81 99 20 33 23
81 98 21 33 23
82 98 20 33 23
82 98 20 33 23
80 99 20 33 24
77 102 23 33 21
79 100 21 33 23
80 99 21 33 23
79 100 22 33 22
80 99 21 33 23
82 98 20 33 23
83 97 20 33 23
82 98 20 33 23
82 97 21 33 23
83 97 20 33 23
84 96 19 33 24
83 97 20 33 23
84 97 20 32 23
81 98 20 33 24
81 98 20 33 24
77 101 23 33 22
84 97 19 32 24
81 98 21 33 23
82 98 21 33 22
82 97 21 33 23
84 97 19 33 23
83 97 20 33 23
83 97 20 33 23
82 98 20 33 23
82 98 19 33 24
84 96 19 33 24
83 97 20 33 23
83 97 20 33 23
84 96 19 33 24
85 96 19 33 23
84 97 19 32 24
84 97 19 32 24
83 97 18 33 25
79 100 21 33 23
83 97 19 33 24
80 99 20 33 24
84 96 19 33 24
83 97 19 33 24
82 98 19 33 24
82 98 19 33 24
79 100 22 33 22
80 99 21 33 23
81 98 22 33 22
80 99 21 33 23
81 98 20 33 24
81 99 20 33 23
77 101 23 33 22
79 100 21 33 23
82 98 20 33 23
81 98 22 33 22
82 98 20 33 23
81 98 21 33 23
84 97 19 32 24
81 98 20 33 24
83 97 18 33 25
81 98 21 33 23
83 97 20 33 23
83 97 20 33 23
84 97 20 32 23
83 97 19 33 24
81 98 21 33 23
83 97 20 33 23
83 97 19 33 24
85 96 18 33 24
85 96 19 32 24
82 97 21 33 23
82 98 20 33 23
82 98 20 33 23
84 97 19 32 24
83 97 20 33 23
82 97 20 33 24
83 97 19 33 24
84 97 19 33 23
83 97 19 33 24
81 99 21 32 23
80 99 22 33 22
80 99 21 33 23
81 98 21 33 23
83 97 20 33 23
84 97 17 32 26
80 99 21 33 23
83 97 17 33 26
81 98 21 33 23
82 98 21 33 22
85 96 18 33 24
82 98 20 33 23
81 98 21 33 23
82 98 20 33 23
81 98 21 33 23
82 98 20 33 23
83 97 19 33 24
81 99 21 33 22
82 98 20 33 23
83 97 19 33 24
82 98 20 33 23
81 98 21 33 23
80 99 22 33 22
82 98 20 33 23
83 97 19 33 24
81 98 22 33 22
82 98 20 33 23
83 97 20 33 23
84 96 19 33 24
82 98 20 33 23
82 97 20 33 24
81 98 21 33 23
82 98 20 33 23
80 99 22 33 22
82 98 20 33 23
82 98 20 33 23
82 98 20 33 23
84 96 19 33 24
84 96 19 33 24
80 99 21 33 23
81 98 21 33 23
80 99 22 33 22
81 98 21 33 23
80 99 22 33 22
81 98 21 33 23
79 100 22 33 22
81 98 21 33 23
81 98 21 33 23
82 98 20 33 23
83 97 20 33 23
83 97 20 33 23
82 98 20 33 23
82 98 21 33 22
81 98 22 33 22
80 99 22 33 22
80 99 22 33 22
81 98 22 33 22
78 100 23 33 22
79 99 23 33 22
81 98 22 33 22
82 98 20 33 23
81 99 19 33 24
79 99 23 34 21
79 100 22 33 22
84 97 18 33 24
82 98 19 33 24
83 97 20 33 23
84 97 18 33 24
80 99 21 33 23
81 98 21 33 23
82 97 21 33 23
82 98 21 33 22
83 97 19 33 24
82 98 20 33 23
83 97 20 33 23
85 96 19 32 24
83 97 20 33 23
83 97 20 33 23
83 97 20 33 23
82 98 21 33 22
84 96 19 33 24
82 98 20 33 23
82 97 21 33 23
84 97 19 32 24
82 98 20 33 23
81 98 21 33 23
81 98 21 33 23
80 99 22 33 22
79 99 23 33 22
82 98 21 33 22
81 98 22 33 22
81 98 21 33 23
83 97 21 33 22
83 97 20 33 23
84 97 19 32 24
83 97 19 33 24
80 99 21 33 23
82 98 20 33 23
83 97 20 33 23
81 98 22 33 22
80 99 21 33 23
83 97 19 33 24
82 97 21 33 23
83 97 20 33 23
82 97 21 33 23
81 98 22 33 22
81 98 21 33 23
83 97 20 33 23
81 98 21 33 23
80 99 22 33 22
82 98 20 33 23
81 98 22 33 22
80 99 22 33 22
79 99 23 33 22
80 99 22 33 22
80 99 22 33 22
78 100 23 34 21
80 99 22 33 22
82 98 21 33 22
80 99 22 33 22
81 98 21 33 23
82 98 21 33 22
80 99 22 33 22
81 98 21 33 23
80 99 21 33 23
82 98 20 33 23
81 98 21 33 23
81 98 21 33 23
82 98 20 33 23
85 96 18 33 24
84 97 19 33 23
84 96 19 33 24
83 97 20 33 23
83 97 20 33 23
83 97 20 33 23
83 97 20 33 23
84 96 20 33 23
82 98 20 33 23
82 97 21 33 23
82 97 21 33 23
81 98 21 33 23
81 98 21 33 23
82 97 21 33 23
78 100 23 33 22
77 101 23 33 22
83 97 20 33 23
82 98 21 33 22
83 97 20 33 23
83 97 21 32 23
83 97 20 33 23
84 96 19 33 24
84 96 20 33 23
83 97 20 33 23
80 99 21 33 23
82 98 21 32 23
82 98 20 33 23
83 97 19 33 24
82 98 20 33 23
82 98 19 33 24
84 97 18 33 24
83 97 19 33 24
82 98 20 33 23
81 98 21 33 23
81 98 21 33 23
81 98 21 33 23
78 100 23 33 22
82 97 22 33 22
82 98 21 33 22
82 97 21 33 23
82 97 20 33 24
83 97 19 33 24
83 97 20 33 23
82 98 21 33 22
81 98 21 33 23
81 98 21 33 23
82 98 21 33 22
80 99 22 33 22
80 99 22 33 22
80 99 22 33 22
77 101 24 33 21
81 98 22 33 22
82 98 21 33 22
82 97 21 33 23
83 97 20 33 23
81 98 21 33 23
80 99 22 33 22
80 99 22 33 22
82 98 20 33 23
81 98 22 33 22
79 100 23 33 21
80 99 22 33 22
79 100 23 33 21
78 100 23 34 21
78 100 23 33 22
80 99 22 33 22
81 98 22 33 22
81 98 22 33 22
81 98 21 33 23
82 98 20 33 23
82 98 21 33 22
79 100 22 33 22
81 98 21 33 23
82 98 20 33 23
84 97 18 33 24
82 98 20 33 23
83 97 20 33 23
83 97 20 33 23
84 96 20 33 23
85 96 19 32 24
83 97 20 33 23
83 97 20 33 23
81 98 21 33 23
80 99 22 33 22
81 98 21 33 23
80 99 22 33 22
81 98 22 33 22
81 98 22 33 22
81 98 22 33 22
78 100 24 33 21
80 99 23 33 21
81 98 22 33 22
79 99 24 33 21
83 97 21 33 22
81 98 22 33 22
82 97 22 33 22
82 98 21 33 22
83 97 20 33 23
81 98 22 33 22
82 98 21 33 22
83 97 21 33 22
83 97 21 33 22
84 96 20 33 23
82 98 21 33 22
83 97 20 33 23
82 97 21 33 23
83 97 20 33 23
85 96 19 33 23
83 97 20 33 23
82 97 21 33 23
82 97 21 33 23
79 99 23 33 22
83 97 21 33 22
82 98 21 33 22
84 97 19 33 23
83 97 20 33 23
83 97 20 33 23
81 98 21 33 23
81 98 21 33 23
83 97 20 33 23
81 98 22 33 22
81 98 21 33 23
79 99 24 33 21
81 98 22 33 22
80 99 23 33 21
80 99 22 33 22
78 100 23 33 22
79 99 23 33 22
80 99 23 33 21
81 98 23 33 21
82 97 21 33 23
81 98 22 33 22
83 97 21 33 22
80 99 23 33 21
81 98 22 33 22
81 98 22 33 22
84 97 19 33 23
81 99 21 33 22
81 98 21 33 23
80 99 22 33 22
80 99 22 33 22
79 100 24 33 20
79 99 23 33 22
77 101 25 33 20
79 99 24 33 21
78 100 24 33 21
77 101 25 33 20
80 99 22 33 22
80 99 23 33 21
79 99 24 33 21
80 99 23 33 21
80 99 22 33 22
81 98 22 33 22
80 99 21 33 23
82 98 21 33 22
82 98 21 33 22
82 98 21 33 22
84 97 19 32 24
83 97 20 33 23
82 98 21 33 22
84 97 19 33 23
82 98 21 33 22
83 97 19 33 24
83 97 20 33 23
82 97 21 33 23
82 97 21 33 23
83 97 20 33 23
83 97 21 33 22
81 98 22 33 22
79 100 23 33 21
80 98 23 33 22
81 98 22 33 22
80 99 23 33 21
79 99 24 33 21
81 98 22 33 22
78 100 24 33 21
79 100 23 33 21
79 99 23 33 22
79 99 24 33 21
80 99 22 33 22
78 100 24 33 21
79 99 23 33 22
77 101 25 33 20
81 98 22 33 22
80 99 23 33 21
80 99 23 33 21
79 99 24 33 21
79 99 24 33 21
80 99 23 33 21
81 98 22 33 22
81 98 22 33 22
82 98 21 33 22
81 98 21 33 23
84 96 20 33 23
83 97 21 33 22
82 97 21 33 23
83 97 20 33 23
83 97 20 33 23
84 96 19 33 24
83 97 19 33 24
82 98 20 33 23
82 98 20 33 23
81 98 22 33 22
83 97 20 33 23
83 97 19 33 24
82 97 21 33 23
83 97 18 33 25
82 98 20 33 23
83 97 20 32 24
80 99 22 33 22
81 98 21 33 23
78 100 23 33 22
80 99 22 33 22
79 99 24 33 21
80 99 22 33 22
77 101 25 33 20
76 101 25 34 20
79 99 24 33 21
77 101 25 33 20
80 98 23 33 22
80 99 22 33 22
79 99 24 33 21
79 99 23 33 22
81 98 22 33 22
81 98 21 33 23
82 98 20 33 23
82 98 20 33 23
80 99 22 33 22
80 99 22 33 22
81 98 21 33 23
81 98 22 33 22
82 98 21 33 22
77 101 24 33 21
78 100 25 33 20
78 100 24 33 21
76 101 26 34 19
76 102 25 33 20
77 101 24 33 21
77 101 24 33 21
79 100 23 33 21
80 99 22 33 22
81 98 22 33 22
81 98 21 33 23
81 99 20 33 23
80 98 23 33 22
81 98 22 33 22
81 98 22 33 22
82 98 20 33 23
83 97 20 33 23
82 98 20 33 23
83 97 20 33 23
81 98 22 33 22
81 98 22 33 22
82 97 22 33 22
79 99 24 33 21
79 99 23 33 22
78 100 24 33 21
77 101 25 33 20
79 99 24 33 21
78 100 25 33 20
79 99 24 33 21
80 99 23 33 21
77 100 25 33 21
80 98 23 33 22
76 101 26 33 20
78 100 25 33 20
80 98 23 33 22
78 100 24 33 21
78 100 25 33 20
78 100 24 33 21
77 100 25 34 20
77 100 25 34 20
79 99 24 33 21
80 99 23 33 21
78 100 24 33 21
80 99 23 33 21
82 97 22 33 22
83 97 21 33 22
81 98 22 33 22
80 99 22 33 22
81 98 22 33 22
82 97 21 33 23
82 97 21 33 23
84 96 20 33 23
85 95 14 32 30
83 97 20 33 23
83 97 20 33 23
82 97 20 33 24
81 98 21 33 23
81 98 22 33 22
81 98 22 33 22
81 98 23 33 21
82 98 21 33 22
81 98 22 33 22
80 99 22 33 22
82 98 21 33 22
83 97 20 33 23
84 97 20 32 23
81 98 21 33 23
81 98 22 33 22
80 99 22 33 22
77 101 25 33 20
76 101 26 33 20
77 100 25 34 20
76 101 26 33 20
75 102 26 34 19
79 99 24 33 21
80 99 22 33 22
79 99 23 33 22
83 97 20 33 23
82 97 21 33 23
81 98 21 33 23
81 98 22 33 22
80 99 22 33 22
79 99 24 33 21
79 99 24 33 21
76 101 26 34 19
74 102 27 34 19
75 101 27 34 19
76 101 26 33 20
76 101 26 33 20
76 102 25 33 20
78 100 24 33 21
79 100 24 33 20
78 100 23 33 22
80 99 23 33 21
81 98 22 33 22
83 97 21 33 22
82 98 20 33 23
75 102 26 33 20
75 101 27 34 19
75 102 26 33 20
82 98 20 33 23
83 97 20 33 23
80 99 22 33 22
81 98 22 33 22
83 97 20 33 23
82 97 21 33 23
84 96 20 33 23
83 97 21 33 22
83 97 21 33 22
79 99 24 33 21
78 100 24 33 21
77 101 25 33 20
80 98 24 33 21
78 100 25 33 20
77 100 26 33 20
78 99 24 34 21
77 100 25 33 21
78 98 25 34 21
76 100 26 34 20
74 102 26 34 20
76 100 25 34 21
75 102 26 33 20
78 99 25 33 21
80 98 24 33 21
79 99 24 33 21
79 99 24 33 21
79 99 24 33 21
80 99 23 33 21
82 97 22 33 22
83 97 21 33 22
84 96 20 33 23
83 97 20 33 23
85 96 19 32 24
84 96 20 33 23
81 98 21 33 23
82 97 21 33 23
86 96 17 32 25
81 98 21 33 23
81 98 22 33 22
83 97 20 33 23
83 97 20 33 23
81 98 22 33 22
81 98 22 33 22
78 100 24 33 21
79 99 23 33 22
77 100 25 34 20
76 101 26 33 20
75 101 26 34 20
74 103 27 33 19
81 98 23 33 21
82 98 21 33 22
81 98 22 33 22
82 97 22 33 22
83 97 20 33 23
83 97 20 33 23
82 97 21 33 23
80 99 22 33 22
81 98 22 33 22
80 98 23 33 22
76 101 25 34 20
77 100 25 34 20
78 99 25 34 20
75 102 27 33 19
74 103 26 33 20
75 101 26 34 20
77 100 25 34 20
79 99 24 33 21
82 98 21 33 22
83 97 20 33 23
85 96 18 33 24
81 98 21 33 23
80 99 22 33 22
81 98 22 33 22
80 99 23 33 21
81 98 23 33 21
79 99 24 33 21
80 99 23 33 21
75 102 26 33 20
75 101 26 34 20
72 104 27 34 19
75 101 27 34 19
77 100 25 33 21
78 100 25 33 20
78 100 24 33 21
78 100 24 33 21
80 99 23 33 21
82 97 21 33 23
81 98 21 33 23
81 98 21 33 23
81 98 22 33 22
77 100 25 34 20
81 98 22 33 22
82 98 20 33 23
82 97 21 33 23
80 99 21 33 23
81 98 22 33 22
82 98 21 33 22
81 98 22 33 22
79 99 24 33 21
80 99 23 33 21
79 99 23 33 22
77 101 25 33 20
76 101 26 33 20
74 102 27 34 19
75 101 27 34 19
87 94 17 33 25
85 96 17 33 25
77 100 25 33 21
75 102 26 33 20
78 99 25 34 20
81 98 23 33 21
82 97 21 33 23
83 97 21 32 23
82 97 22 33 22
85 96 20 32 23
85 96 19 33 23
84 96 20 33 23
82 98 20 33 23
84 97 19 33 23
84 96 19 33 24
81 98 22 33 22
81 98 22 33 22
80 99 22 33 22
79 100 23 33 21
79 99 23 33 22
78 100 25 33 20
77 101 24 33 21
78 100 24 33 21
83 97 19 33 24
80 98 23 33 22
80 98 23 33 22
81 98 22 33 22
82 97 22 33 22
81 98 22 33 22
82 98 21 33 22
83 97 20 33 23
83 97 20 33 23
81 98 21 33 23
80 99 22 33 22
80 99 21 33 23
81 98 22 33 22
81 98 21 33 23
80 99 23 33 21
78 100 24 33 21
73 103 27 34 19
74 102 26 34 20
88 94 17 32 25
76 101 26 33 20
74 102 27 34 19
81 98 22 33 22
83 97 21 33 22
82 98 21 33 22
83 97 19 33 24
81 98 22 33 22
82 98 20 33 23
83 97 20 33 23
80 99 22 33 22
79 100 22 33 22
80 99 23 33 21
78 100 24 33 21
77 101 24 33 21
77 101 25 33 20
74 103 27 33 19
74 102 26 34 20
73 103 28 34 18
73 103 28 33 19
77 100 25 33 21
79 99 24 33 21
79 99 23 33 22
80 99 23 33 21
81 98 21 33 23
82 97 21 33 23
81 98 21 33 23
82 98 20 33 23
76 102 26 33 19
79 99 24 33 21
83 97 19 33 24
81 98 21 33 23
83 97 20 33 23
81 98 21 33 23
80 99 22 33 22
81 98 22 33 22
83 97 21 33 22
81 98 21 33 23
80 99 23 33 21
82 98 21 33 22
80 99 22 33 22
77 100 25 34 20
78 100 24 33 21
75 101 26 34 20
77 100 25 33 21
78 99 24 33 22
76 101 26 33 20
78 99 24 34 21
79 99 24 33 21
81 98 22 33 22
82 97 22 33 22
81 98 21 33 23
83 97 20 33 23
84 96 20 33 23
82 97 21 33 23
81 98 21 33 23
83 97 20 33 23
84 96 19 33 24
83 97 19 33 24
84 97 19 33 23
82 98 20 33 23
80 99 22 33 22
78 100 23 33 22
81 98 22 33 22
79 99 24 33 21
77 100 25 33 21
75 101 26 34 20
75 101 26 34 20
77 100 25 34 20
80 98 23 33 22
81 98 22 33 22
79 100 22 33 22
82 98 21 33 22
84 96 19 33 24
80 99 22 33 22
81 98 22 33 22
82 98 20 33 23
81 98 22 33 22
83 97 20 33 23
80 99 23 33 21
75 101 26 34 20
77 100 25 34 20
76 100 26 34 20
75 102 26 33 20
80 99 22 33 22
84 96 19 33 24
83 97 20 33 23
84 96 20 33 23
83 97 20 33 23
82 98 21 33 22
80 99 22 33 22
81 98 22 33 22
78 100 24 33 21
80 99 23 33 21
78 100 24 33 21
77 100 25 34 20
76 101 26 33 20
75 102 27 33 19
75 101 26 34 20
76 101 26 33 20
75 102 26 34 19
78 100 24 33 21
78 100 24 33 21
79 100 23 33 21
81 98 22 33 22
80 99 22 33 22
82 98 20 33 23
82 98 19 33 24
81 98 22 33 22
80 99 21 33 23
81 98 21 33 23
80 99 22 33 22
79 100 22 33 22
80 99 22 33 22
79 99 23 33 22
81 98 21 33 23
80 99 23 33 21
79 99 24 33 21
78 100 24 33 21
77 101 25 33 20
75 101 26 34 20
74 102 27 34 19
75 101 27 34 19
77 101 25 33 20
76 101 27 33 19
79 99 24 33 21
80 99 23 33 21
79 99 24 33 21
79 99 24 33 21
79 99 23 33 22
81 98 22 33 22
79 100 23 33 21
79 100 22 33 22
80 99 22 33 22
80 99 22 33 22
81 98 21 33 23
81 98 20 33 24
82 98 20 33 23
82 98 20 33 23
82 97 21 33 23
81 98 21 33 23
78 100 24 33 21
76 101 25 34 20
76 100 26 34 20
77 100 26 33 20
80 99 23 33 21
81 98 22 33 22
82 97 21 33 23
83 97 19 33 24
81 98 21 33 23
81 98 21 33 23
80 98 23 33 22
78 100 24 33 21
76 101 26 33 20
75 101 26 34 20
74 102 27 34 19
76 101 26 33 20
79 99 24 33 21
80 98 23 33 22
80 99 22 33 22
81 98 21 33 23
82 98 20 33 23
83 97 20 33 23
82 98 20 33 23
82 98 20 32 24
83 97 20 33 23
81 98 21 33 23
81 98 22 33 22
80 98 23 33 22
79 99 24 33 21
76 100 26 34 20
77 100 25 34 20
79 99 25 33 20
81 98 23 33 21
80 98 23 33 22
81 98 21 33 23
82 97 21 33 23
81 98 22 33 22
82 98 20 33 23
83 97 20 33 23
83 97 19 33 24
81 99 21 33 22
81 98 21 33 23
83 97 20 33 23
82 98 20 33 23
80 99 22 33 22
79 100 23 33 21
80 99 22 33 22
80 99 22 33 22
78 100 23 33 22
76 102 24 33 21
78 100 24 33 21
75 102 26 33 20
75 101 26 34 20
73 103 28 33 19
72 104 28 33 19
74 102 27 33 20
75 101 27 33 20
75 102 27 33 19
76 102 26 33 19
78 100 24 33 21
80 99 23 33 21
81 98 22 33 22
79 99 23 33 22
79 100 23 33 21
80 99 22 33 22
80 99 21 33 23
80 99 22 33 22
81 98 22 33 22
81 98 21 33 23
80 99 22 33 22
82 98 20 33 23
84 96 20 33 23
81 98 21 33 23
81 98 22 33 22
79 100 23 33 21
78 100 24 33 21
73 103 28 33 19
76 100 26 34 20
80 99 22 33 22
81 98 22 33 22
81 98 21 33 23
82 98 21 33 22
83 98 19 32 24
82 98 20 33 23
82 98 20 33 23
80 99 22 33 22
79 99 23 33 22
80 98 23 33 22
80 99 22 33 22
78 100 24 33 21
77 101 25 33 20
85 95 18 33 25
84 96 20 33 23
76 101 27 33 19
77 100 25 34 20
81 98 22 33 22
81 98 22 33 22
81 98 22 33 22
80 99 22 33 22
82 98 21 33 22
82 98 20 33 23
85 96 19 32 24
83 97 20 33 23
83 97 20 33 23
80 99 22 33 22
78 100 24 33 21
75 102 26 34 19
75 102 27 33 19
80 98 23 33 22
78 99 25 34 20
76 100 26 34 20
78 100 25 33 20
83 97 21 33 22
82 97 21 33 23
81 98 21 33 23
83 97 19 33 24
81 98 21 33 23
84 97 18 32 25
82 98 21 33 22
82 97 21 33 23
89 94 16 32 25
81 98 22 33 22
82 98 21 33 22
83 97 20 33 23
80 99 21 33 23
81 98 21 33 23
81 98 21 33 23
81 99 21 33 22
80 99 22 33 22
79 100 22 33 22
81 98 22 33 22
81 98 22 33 22
78 100 24 33 21
79 99 24 33 21
75 103 26 33 19
77 101 25 33 20
72 105 27 33 19
73 103 27 34 19
72 104 28 34 18
72 104 28 34 18
75 102 26 33 20
74 102 27 34 19
74 102 27 34 19
77 101 25 33 20
75 102 27 33 19
77 101 25 33 20
77 101 25 33 20
79 99 24 33 21
80 99 23 33 21
80 99 22 33 22
79 100 23 33 21
80 99 21 33 23
82 98 21 33 22
82 98 20 33 23
82 98 20 33 23
82 97 21 33 23
79 99 23 33 22
81 98 21 33 23
83 97 21 33 22
79 99 24 33 21
74 102 27 34 19
74 102 28 33 19
74 102 27 34 19
76 101 26 33 20
74 102 27 34 19
76 100 26 34 20
75 102 26 33 20
77 100 25 33 21
79 99 24 33 21
81 98 22 33 22
82 97 21 33 23
81 98 22 33 22
81 98 21 33 23
82 98 19 33 24
83 97 19 33 24
82 98 20 33 23
81 98 21 33 23
81 98 21 33 23
82 98 21 33 22
81 98 22 33 22
80 99 22 33 22
77 101 25 33 20
75 102 26 33 20
74 103 27 33 19
73 103 27 34 19
75 101 27 34 19
75 101 27 34 19
77 100 25 34 20
77 101 24 33 21
76 102 26 33 19
79 99 24 33 21
80 99 23 33 21
80 98 23 33 22
81 98 22 33 22
81 98 21 33 23
83 97 20 33 23
83 97 20 33 23
84 97 18 33 24
83 97 19 33 24
83 97 20 33 23
82 98 20 33 23
82 97 22 33 22
79 99 24 33 21
75 102 26 33 20
75 101 26 34 20
77 100 25 34 20
76 100 26 34 20
77 100 25 34 20
79 99 24 33 21
79 99 24 33 21
80 98 23 33 22
83 97 21 33 22
83 97 20 33 23
85 96 18 33 24
83 97 20 33 23
81 98 22 33 22
81 98 21 33 23
83 97 19 33 24
82 98 20 33 23
83 97 20 33 23
84 96 20 33 23
84 96 20 33 23
81 98 21 33 23
80 99 22 33 22
79 99 23 33 22
78 100 24 33 21
77 101 24 33 21
77 101 24 33 21
76 101 25 34 20
76 101 26 33 20
77 100 25 33 21
76 101 26 34 19
77 100 24 34 21
77 100 26 33 20
77 100 26 34 19
75 102 27 33 19
78 100 24 33 21
77 100 26 33 20
78 100 24 33 21
77 101 25 33 20
79 99 24 33 21
79 99 24 33 21
80 99 22 33 22
81 98 22 33 22
80 99 23 33 21
81 98 22 33 22
81 98 22 33 22
81 98 21 33 23
80 99 21 33 23
84 96 19 33 24
86 96 18 32 24
81 98 21 33 23
80 99 22 33 22
79 99 23 33 22
78 100 24 33 21
78 100 24 33 21
79 99 24 33 21
77 101 25 33 20
78 100 24 33 21
79 99 24 33 21
78 100 25 33 20
76 101 26 33 20
80 99 23 33 21
81 98 22 33 22
81 98 22 33 22
83 97 20 33 23
83 97 20 33 23
84 97 19 33 23
84 97 19 32 24
84 97 19 32 24
86 96 18 32 24
81 98 21 33 23
80 99 22 33 22
79 100 23 33 21
78 100 24 33 21
78 100 24 33 21
81 98 22 33 22
79 99 24 33 21
78 99 25 33 21
78 99 25 33 21
80 98 24 33 21
79 99 25 33 20
81 97 23 33 22
77 100 26 33 20
79 99 24 33 21
79 99 24 33 21
80 99 22 33 22
80 99 23 33 21
82 98 21 33 22
81 98 22 33 22
83 97 19 33 24
82 98 20 33 23
85 96 18 32 25
87 95 18 32 24
83 97 20 33 23
81 98 22 33 22
80 99 22 33 22
80 99 23 33 21
81 98 22 33 22
81 98 22 33 22
81 98 22 33 22
82 97 21 33 23
83 97 20 33 23
83 97 19 33 24
85 96 19 33 23
83 97 20 33 23
83 97 18 33 25
82 98 20 33 23
84 97 19 32 24
82 98 20 33 23
84 97 19 32 24
83 97 20 33 23
80 99 22 33 22
81 98 21 33 23
81 98 22 33 22
78 100 24 33 21
78 100 24 33 21
78 100 24 33 21
79 99 23 33 22
80 99 23 33 21
82 97 22 33 22
80 98 24 33 21
80 99 23 33 21
79 99 24 33 21
77 100 25 34 20
77 101 25 33 20
78 100 24 33 21
79 99 24 33 21
76 101 26 33 20
78 100 23 33 22
76 101 26 34 19
79 99 23 34 21
80 98 23 33 22
78 100 23 33 22
78 100 24 33 21
79 99 23 34 21
80 99 21 33 23
81 98 21 33 23
82 98 20 33 23
81 98 21 33 23
82 98 20 33 23
84 96 19 33 24
85 96 18 33 24
82 97 21 33 23
80 99 22 33 22
81 98 21 33 23
83 97 20 33 23
79 99 23 33 22
80 98 23 33 22
81 98 22 33 22
80 99 23 33 21
79 99 23 33 22
81 98 22 33 22
80 99 22 33 22
79 99 23 33 22
79 100 23 33 21
80 99 22 33 22
83 97 20 33 23
83 97 19 33 24
84 97 18 32 25
85 96 18 32 25
84 96 19 33 24
84 96 19 33 24
82 97 21 33 23
81 98 21 33 23
82 98 21 33 22
81 98 22 33 22
81 98 23 33 21
83 97 21 33 22
79 99 24 33 21
81 98 22 33 22
78 100 24 33 21
79 99 23 33 22
80 99 22 33 22
81 98 22 33 22
81 98 22 33 22
81 98 22 33 22
81 98 21 33 23
82 98 20 33 23
83 97 19 33 24
86 96 18 32 24
86 96 18 32 24
83 97 20 33 23
84 96 19 33 24
81 98 22 33 22
79 99 23 33 22
83 97 21 33 22
79 99 23 33 22
80 99 23 33 21
82 97 22 33 22
81 98 22 33 22
81 98 22 33 22
82 98 20 33 23
83 97 20 32 24
85 96 17 33 25
84 97 18 33 24
81 98 21 33 23
81 98 21 33 23
83 97 19 33 24
81 98 21 33 23
82 98 21 33 22
81 98 21 33 23
80 99 22 33 22
81 98 22 33 22
81 98 21 33 23
76 102 24 33 21
77 101 24 33 21
79 100 23 33 21
78 100 23 33 22
80 99 23 33 21
81 98 22 33 22
78 100 25 33 20
79 99 24 33 21
78 100 24 33 21
77 101 25 33 20
78 100 24 33 21
77 101 25 33 20
79 100 24 33 20
80 99 23 33 21
78 100 24 33 21
79 100 23 33 21
80 99 23 33 21
80 99 21 33 23
80 99 21 33 23
80 99 22 33 22
80 99 21 33 23
79 100 23 33 21
82 98 20 33 23
83 97 19 33 24
83 97 20 33 23
84 97 19 33 23
79 99 23 33 22
81 98 22 33 22
81 98 22 33 22
79 99 24 33 21
80 99 23 33 21
81 98 22 33 22
82 98 21 33 22
81 98 22 33 22
82 98 19 33 24
85 96 18 33 24
84 97 18 32 25
82 98 20 33 23
81 98 21 33 23
82 97 21 33 23
79 99 23 33 22
80 99 22 33 22
81 98 22 33 22
81 98 22 33 22
80 99 22 33 22
80 99 22 33 22
81 98 21 33 23
82 98 19 33 24
84 97 18 33 24
84 97 18 33 24
84 97 19 32 24
83 97 20 33 23
84 96 19 33 24
78 100 24 33 21
80 99 22 33 22
81 98 21 33 23
81 98 22 33 22
83 97 21 33 22
81 98 22 33 22
82 97 21 33 23
82 98 21 33 22
79 99 24 33 21
80 99 23 33 21
79 99 23 33 22
82 97 22 33 22
83 97 20 33 23
81 98 22 33 22
81 98 22 33 22
82 97 21 33 23
80 99 21 33 23
83 97 19 33 24
80 99 22 33 22
83 97 20 33 23
81 98 20 33 24
79 100 22 33 22
78 100 24 33 21
81 98 21 33 23
84 96 20 33 23
81 98 23 33 21
81 98 21 33 23
80 99 22 33 22
79 99 24 33 21
80 99 23 33 21
79 99 23 33 22
82 98 21 33 22
78 100 23 33 22
78 100 24 33 21
78 100 24 33 21
79 99 23 33 22
81 98 22 33 22
82 98 21 33 22
80 99 23 33 21
82 98 20 33 23
81 98 21 33 23
82 98 19 33 24
80 99 21 33 23
84 96 19 33 24
83 97 20 33 23
82 98 19 33 24
81 98 21 33 23
82 97 21 33 23
82 97 22 33 22
81 98 22 33 22
80 99 23 33 21
80 99 23 33 21
81 98 21 33 23
84 96 19 33 24
81 98 21 33 23
82 97 21 33 23
84 96 19 33 24
84 97 18 32 25
83 97 19 33 24
81 98 20 33 24
82 98 19 33 24
83 97 20 33 23
81 98 21 33 23
83 97 21 32 23
84 96 20 33 23
81 98 22 33 22
81 98 21 33 23
83 97 20 33 23
79 99 23 33 22
83 97 20 33 23
80 99 22 33 22
83 97 19 33 24
83 97 19 33 24
85 96 18 33 24
83 97 20 33 23
80 99 22 33 22
83 97 21 33 22
84 97 21 32 22
83 97 20 33 23
80 99 22 33 22
81 98 21 33 23
83 97 20 33 23
82 98 21 33 22
82 98 20 33 23
82 98 20 32 24
85 96 17 33 25
80 99 21 33 23
79 100 22 33 22
82 98 20 33 23
81 98 22 33 22
82 98 20 33 23
82 98 21 33 22
81 98 22 33 22
81 98 21 33 23
79 100 23 33 21
81 98 22 33 22
82 97 21 33 23
82 98 20 33 23
81 98 21 33 23
79 99 23 34 21
81 98 21 33 23
80 99 22 33 22
78 100 24 33 21
79 99 23 33 22
81 98 21 33 23
80 99 22 33 22
81 98 21 33 23
81 98 22 33 22
81 98 21 33 23
79 100 22 33 22
81 98 20 33 24
82 98 20 33 23
83 97 19 33 24
84 96 19 33 24
82 98 21 33 22
83 97 20 33 23
83 97 21 33 22
81 98 22 33 22
81 98 21 33 23
81 98 22 33 22
83 97 20 33 23
80 99 21 33 23
85 96 18 33 24
84 97 19 32 24
83 97 19 33 24
83 97 20 33 23
83 97 20 33 23
82 98 21 33 22
80 99 22 33 22
82 98 20 33 23
82 98 20 33 23
81 98 22 33 22
81 98 21 33 23
83 97 20 33 23
83 97 19 33 24
84 96 19 33 24
84 97 19 32 24
82 98 20 33 23
83 97 20 33 23
84 96 20 33 23
81 98 21 33 23
80 99 21 33 23
81 98 20 33 24
83 97 20 33 23
83 97 19 33 24
83 97 20 33 23
83 97 20 33 23
84 97 19 33 23
82 98 20 33 23
83 97 20 33 23
81 98 21 33 23
80 99 22 33 22
83 97 19 33 24
82 98 20 33 23
81 98 21 33 23
80 99 22 33 22
81 98 21 33 23
82 98 20 33 23
81 98 22 33 22
82 98 20 33 23
81 98 21 33 23
80 99 23 33 21
81 98 22 33 22
78 100 24 33 21
79 100 22 33 22
80 99 22 33 22
80 99 23 33 21
80 99 22 33 22
80 99 21 33 23
82 98 20 33 23
81 99 20 33 23
80 99 21 33 23
83 97 20 33 23
82 98 20 33 23
83 97 19 33 24
82 98 20 33 23
83 97 20 33 23
83 97 20 33 23
82 98 20 33 23
81 99 20 33 23
82 98 20 33 23
82 98 20 33 23
81 98 21 33 23
80 99 21 33 23
83 97 19 33 24
82 98 20 33 23
83 97 20 33 23
83 97 20 33 23
81 98 22 33 22
80 99 22 33 22
81 98 21 33 23
83 97 20 33 23
83 97 19 33 24
84 97 19 32 24
82 98 20 33 23
84 97 19 33 23
84 97 19 33 23
83 97 20 33 23
80 99 22 33 22
82 98 20 33 23
84 96 19 33 24
80 99 21 33 23
85 96 17 33 25
82 98 20 33 23
82 98 20 33 23
80 99 21 33 23
83 97 20 33 23
84 97 19 33 23
82 97 20 33 24
83 97 20 33 23
81 98 21 33 23
80 99 22 33 22
82 98 20 33 23
81 98 21 33 23
78 100 22 33 23
80 99 21 33 23
82 97 21 33 23
82 98 20 33 23
83 97 19 33 24
85 96 19 32 24
83 97 19 33 24
81 98 21 33 23
84 96 19 33 24
83 97 20 33 23
82 98 20 33 23
83 97 20 33 23
85 96 18 33 24
83 97 19 33 24
