93 93 16 31 23
87 95 18 32 24
85 95 18 33 25
86 95 18 33 24
87 94 17 33 25
87 94 17 33 25
87 94 17 33 25
85 95 19 33 24
85 95 19 33 24
86 95 18 33 24
85 95 19 33 24
85 95 18 33 25
85 95 19 33 24
86 94 18 33 25
86 94 19 33 24
86 95 17 33 25
84 95 19 33 25
83 96 19 34 24
83 96 20 34 23
85 95 19 33 24
84 95 20 33 24
84 95 20 33 24
83 96 19 34 24
84 95 19 34 24
85 95 19 33 24
84 96 19 33 24
86 95 17 33 25
88 94 16 33 25
86 94 18 34 24
86 94 18 33 25
85 95 19 33 24
85 94 19 34 24
87 94 18 33 24
85 94 18 34 25
86 94 18 33 25
87 94 18 33 24
87 94 18 33 24
86 94 19 33 24
85 94 19 34 24
86 94 19 33 24
88 94 17 33 24
84 95 19 34 24
86 94 17 34 25
87 94 17 33 25
84 95 19 34 24
86 94 18 33 25
85 94 19 34 24
86 94 18 34 24
86 94 19 33 24
87 94 17 33 25
86 94 19 33 24
86 94 18 34 24
86 95 17 33 25
85 95 18 34 24
84 95 18 34 25
84 96 18 33 25
85 95 18 33 25
84 95 19 34 24
85 95 19 33 24
85 94 19 34 24
85 94 19 34 24
85 95 19 33 24
85 94 19 34 24
84 95 18 34 25
84 95 19 34 24
86 94 18 33 25
85 95 18 33 25
84 95 19 33 25
82 96 20 34 24
83 95 20 34 24
83 95 20 34 24
84 95 20 34 23
85 95 19 33 24
84 95 19 34 24
85 94 19 34 24
83 96 20 34 23
85 95 18 33 25
85 95 18 33 25
84 95 20 34 23
83 95 20 34 24
85 95 18 33 25
84 95 19 34 24
84 95 20 34 23
86 94 18 33 25
86 94 18 33 25
86 94 18 34 24
87 94 18 33 24
86 93 19 34 24
87 93 17 34 25
87 93 18 33 25
87 93 17 34 25
88 92 18 34 24
86 93 19 34 24
88 93 17 33 25
86 94 18 33 25
85 94 19 34 24
86 94 18 34 24
85 94 19 34 24
85 95 19 33 24
87 94 17 33 25
85 95 18 33 25
85 94 19 34 24
86 94 18 34 24
85 93 20 34 24
85 94 19 34 24
84 94 20 34 24
84 94 21 34 23
85 94 19 34 24
86 94 18 34 24
86 94 18 33 25
85 94 19 34 24
83 95 21 34 23
85 94 19 34 24
86 93 19 34 24
86 93 19 34 24
85 94 19 34 24
86 93 19 34 24
85 94 19 34 24
85 93 20 34 24
87 93 18 34 24
86 93 19 34 24
85 93 20 34 24
84 95 20 34 23
86 94 19 33 24
82 96 20 34 24
82 97 20 34 23
83 96 19 34 24
83 95 20 34 24
84 94 20 34 24
83 95 21 34 23
84 94 20 34 24
84 94 21 34 23
84 94 20 34 24
83 94 22 35 22
85 94 20 34 23
84 94 20 34 24
83 95 20 34 24
84 94 20 34 24
83 95 21 34 23
84 95 19 34 24
84 95 19 34 24
85 95 18 34 24
82 96 21 34 23
83 95 20 34 24
85 95 19 33 24
86 95 18 33 24
86 94 18 33 25
86 94 18 34 24
87 94 17 33 25
86 94 18 34 24
85 94 19 34 24
87 93 18 34 24
87 93 17 34 25
88 92 18 34 24
87 92 18 34 25
87 92 18 34 25
87 92 18 34 25
88 92 18 34 24
87 92 18 34 25
88 92 18 34 24
87 92 18 34 25
85 93 21 34 23
85 93 20 34 24
87 92 19 34 24
86 92 19 35 24
86 93 20 34 23
88 92 18 34 24
87 93 18 33 25
87 93 17 34 25
86 93 18 34 25
86 94 18 34 24
87 94 17 33 25
86 94 18 34 24
88 94 16 33 25
86 95 18 33 24
85 95 19 33 24
85 94 19 34 24
86 93 18 34 25
87 93 18 34 24
86 92 20 34 24
86 92 20 34 24
85 94 19 34 24
84 94 20 34 24
86 93 19 34 24
86 94 18 34 24
86 94 18 33 25
85 95 18 33 25
85 94 19 34 24
84 94 20 34 24
87 92 18 34 25
87 92 18 34 25
86 92 20 34 24
85 92 21 35 23
85 92 20 35 24
84 92 22 35 23
84 93 22 35 22
85 93 20 35 23
87 92 19 34 24
85 93 19 34 25
85 94 19 34 24
84 95 20 34 23
85 94 18 34 25
85 95 19 33 24
85 95 19 33 24
84 94 20 34 24
84 93 21 35 23
85 93 20 35 23
85 93 19 34 25
84 93 21 35 23
83 93 22 35 23
83 93 22 35 23
83 93 22 35 23
83 94 21 35 23
83 95 20 34 24
84 95 19 34 24
84 95 20 34 23
84 95 19 34 24
84 95 20 34 23
85 95 19 33 24
87 94 17 33 25
85 95 19 33 24
87 94 17 33 25
85 94 20 34 23
87 93 18 34 24
86 94 19 33 24
86 93 19 34 24
84 93 20 35 24
87 92 19 34 24
87 92 19 34 24
85 92 20 35 24
86 93 19 34 24
86 91 20 35 24
87 91 18 35 25
86 91 20 35 24
88 90 19 35 24
87 90 19 36 24
86 91 20 35 24
86 91 20 35 24
85 92 21 35 23
87 91 19 35 24
86 92 20 35 23
87 92 18 34 25
86 93 18 34 25
83 94 20 35 24
86 93 17 34 26
85 94 19 34 24
86 93 19 34 24
86 94 18 33 25
85 94 19 34 24
86 94 18 33 25
85 95 19 33 24
86 94 18 34 24
86 94 18 33 25
86 94 18 33 25
86 94 19 33 24
86 93 19 34 24
85 94 19 34 24
86 92 19 35 24
85 92 21 35 23
85 93 20 34 24
86 94 18 34 24
85 95 18 33 25
84 95 19 33 25
84 95 20 34 23
85 94 19 34 24
83 94 21 35 23
86 92 20 34 24
85 92 21 35 23
86 91 20 35 24
85 91 21 36 23
87 90 20 35 24
86 90 21 36 23
84 91 23 36 22
86 90 21 36 23
83 92 23 36 22
85 91 21 36 23
84 92 22 35 23
86 92 20 34 24
83 94 20 35 24
84 95 20 34 23
84 95 19 34 24
85 95 19 33 24
83 96 19 34 24
84 95 19 34 24
84 95 20 34 23
85 95 19 33 24
83 94 21 35 23
85 92 21 35 23
84 92 22 35 23
83 92 22 36 23
84 91 22 36 23
84 91 22 36 23
83 91 24 36 22
83 92 23 36 22
83 92 22 36 23
84 91 22 36 23
83 93 22 35 23
83 94 20 35 24
84 95 19 34 24
83 95 20 34 24
83 96 20 33 24
83 94 21 34 24
87 94 17 33 25
87 93 18 33 25
87 94 18 33 24
87 93 18 34 24
85 94 19 34 24
86 93 18 34 25
87 92 19 34 24
85 93 20 35 23
87 92 18 35 24
85 92 21 35 23
86 90 21 36 23
86 90 21 35 24
87 90 20 35 24
87 89 21 36 23
87 89 20 36 24
86 88 22 37 23
88 88 21 36 23
87 88 21 36 24
89 87 20 36 24
87 89 21 36 23
88 88 20 36 24
86 88 23 37 22
84 89 24 37 22
87 89 20 36 24
86 89 22 36 23
85 90 22 36 23
86 90 20 36 24
86 90 21 36 23
86 91 21 35 23
88 91 18 35 24
86 92 20 35 23
87 92 20 34 23
86 92 19 34 25
86 93 19 34 24
87 92 18 34 25
86 93 19 34 24
85 94 19 34 24
86 93 18 34 25
86 94 19 33 24
87 94 18 33 24
87 94 17 33 25
85 95 18 33 25
86 94 18 33 25
86 94 18 34 24
85 94 19 34 24
86 92 19 35 24
86 93 18 34 25
85 94 19 34 24
86 94 18 33 25
85 95 18 33 25
85 95 17 33 26
85 94 19 34 24
84 93 21 35 23
84 92 21 35 24
84 93 21 35 23
84 89 24 37 22
87 87 22 37 23
86 87 24 37 22
86 87 24 37 22
85 88 24 37 22
84 89 23 37 23
87 90 20 35 24
86 91 21 35 23
85 93 19 34 25
85 94 18 34 25
85 95 19 33 24
83 96 19 34 24
85 94 18 34 25
84 94 20 34 24
83 95 21 34 23
83 91 24 36 22
84 89 25 37 21
83 88 25 38 22
85 87 25 38 21
84 89 24 37 22
82 91 24 37 22
84 91 23 36 22
85 92 21 35 23
84 94 20 34 24
85 94 19 34 24
84 95 20 33 24
84 95 19 34 24
83 94 21 35 23
84 92 22 35 23
84 94 20 34 24
85 95 19 33 24
86 94 18 33 25
86 94 19 33 24
86 93 19 34 24
87 93 18 34 24
87 92 18 34 25
85 92 20 35 24
86 91 20 35 24
87 90 20 35 24
88 89 20 35 24
86 90 22 36 22
87 88 22 36 23
89 87 20 36 24
88 86 22 37 23
88 85 23 38 22
87 86 23 38 22
89 84 23 38 22
88 85 23 38 22
87 84 25 39 21
89 83 26 38 20
88 84 25 39 20
86 85 26 39 20
88 85 22 38 23
87 86 23 38 22
88 88 20 36 24
88 86 22 38 22
87 86 24 38 21
89 87 21 36 23
87 88 22 36 23
87 88 21 37 23
88 89 20 36 23
87 89 20 36 24
88 90 19 35 24
87 91 20 34 24
85 92 20 35 24
88 92 18 34 24
87 93 18 33 25
85 94 19 34 24
86 94 18 34 24
87 94 18 33 24
87 94 17 33 25
85 95 18 33 25
86 94 19 33 24
85 94 20 34 23
84 93 21 35 23
86 92 20 35 23
87 90 20 35 24
86 89 21 36 24
88 90 19 35 24
87 91 19 35 24
84 93 20 35 24
85 94 19 34 24
86 94 19 33 24
87 94 18 33 24
85 94 19 34 24
86 93 19 34 24
85 93 20 35 23
85 91 21 36 23
84 90 24 36 22
86 87 25 38 20
86 85 26 39 20
86 85 26 39 20
86 86 25 38 21
85 89 23 37 22
86 90 21 36 23
85 93 20 34 24
86 93 19 34 24
83 95 21 34 23
83 96 20 34 23
84 95 20 33 24
84 95 20 34 23
85 94 19 34 24
84 93 21 35 23
84 92 21 35 24
84 90 23 36 23
85 87 24 38 22
86 84 31 39 16
88 82 29 40 17
87 83 30 40 16
86 84 30 40 16
85 87 23 38 23
84 91 22 36 23
83 93 23 35 22
84 94 20 34 24
84 95 20 33 24
86 94 18 34 24
85 94 19 34 24
86 84 29 39 18
86 84 28 39 19
85 89 23 37 22
85 95 18 33 25
88 93 17 33 25
86 94 18 34 24
85 94 19 34 24
85 94 19 34 24
86 93 19 34 24
87 92 19 34 24
88 90 18 35 25
89 89 19 35 24
86 89 22 36 23
88 88 21 36 23
86 87 23 37 23
85 86 25 38 22
86 85 24 39 22
86 85 27 38 20
89 82 29 39 17
90 81 30 39 16
89 82 31 40 14
91 81 29 39 16
91 81 30 39 15
89 82 32 40 13
91 81 27 39 18
89 82 28 40 17
88 83 27 39 19
89 84 23 38 22
85 87 25 38 21
88 88 21 36 23
85 90 23 36 22
87 90 20 35 24
87 91 18 35 25
88 92 18 34 24
86 93 19 34 24
86 94 19 33 24
85 94 19 34 24
85 94 18 34 25
87 94 17 33 25
87 94 17 33 25
87 94 18 33 24
85 94 19 34 24
86 93 20 34 23
88 91 18 34 25
86 91 20 35 24
88 89 20 35 24
88 87 21 36 24
87 83 32 40 14
89 82 30 39 16
88 83 30 39 16
88 83 31 39 15
89 84 24 38 21
87 88 23 36 22
87 90 20 35 24
86 91 20 35 24
86 91 20 35 24
87 92 19 34 24
85 94 19 34 24
86 94 18 34 24
83 96 20 33 24
84 95 20 34 23
84 93 21 35 23
86 91 21 35 23
85 87 25 38 21
90 81 30 40 15
88 83 32 39 14
87 84 30 39 16
91 81 31 39 14
88 83 30 39 16
84 87 26 38 21
85 91 21 36 23
86 92 19 34 25
84 94 20 34 24
86 95 18 33 24
85 95 19 33 24
86 94 18 34 24
83 95 20 34 24
85 92 21 35 23
87 90 21 35 23
85 89 23 37 22
84 88 25 38 21
84 86 28 39 19
86 84 32 39 15
88 83 33 39 13
87 83 33 40 13
85 88 25 37 21
84 89 24 37 22
84 90 23 36 23
85 92 21 35 23
83 95 20 34 24
85 94 19 34 24
84 95 19 34 24
84 94 20 34 24
87 84 29 39 17
85 92 20 35 24
86 95 16 33 26
88 93 17 33 25
86 94 19 33 24
86 93 19 34 24
87 93 18 34 24
87 92 18 34 25
87 91 19 35 24
88 90 19 35 24
87 89 20 36 24
88 85 22 38 23
86 85 26 38 21
86 84 30 39 17
91 80 30 40 15
86 83 30 41 16
90 91 15 33 27
84 85 31 41 15
91 80 29 40 16
87 83 29 40 17
86 84 26 39 21
88 85 23 38 22
88 88 20 36 24
87 90 20 35 24
87 91 19 35 24
87 92 19 34 24
87 93 18 34 24
86 93 18 34 25
86 94 18 33 25
86 94 18 34 24
87 94 17 33 25
85 95 18 33 25
86 93 18 34 25
86 93 19 34 24
85 92 20 35 24
87 90 19 36 24
86 89 21 36 24
84 90 23 37 22
87 86 23 37 23
88 85 22 38 23
86 88 21 37 24
87 89 21 36 23
87 89 20 36 24
84 93 21 35 23
86 92 19 35 24
86 93 19 34 24
86 94 19 33 24
86 95 18 33 24
85 95 18 33 25
85 94 19 34 24
87 93 18 33 25
86 93 19 34 24
87 92 19 34 24
87 91 20 35 23
87 83 31 39 16
89 81 31 40 15
85 93 19 34 25
89 81 32 40 14
88 82 31 40 15
87 91 19 35 24
85 92 20 35 24
85 94 19 34 24
85 94 19 34 24
84 95 19 34 24
85 95 18 33 25
87 94 17 33 25
84 96 19 33 24
85 94 19 34 24
84 94 21 34 23
84 94 21 34 23
85 91 21 36 23
84 89 24 37 22
85 87 26 38 20
86 85 27 39 19
85 85 34 39 13
87 83 33 39 14
87 83 27 39 20
86 86 25 38 21
85 88 23 37 23
84 91 22 36 23
84 93 21 35 23
84 94 21 34 23
84 95 19 34 24
84 95 19 33 25
83 90 24 37 22
84 89 23 37 23
86 94 18 33 25
85 95 18 34 24
86 94 18 33 25
85 94 19 34 24
85 93 20 34 24
87 93 18 34 24
87 92 18 34 25
84 93 21 35 23
86 91 20 35 24
86 91 19 35 25
87 88 21 36 24
84 88 25 37 22
88 85 22 38 23
87 83 28 39 19
90 82 29 39 16
90 81 28 39 18
88 83 30 39 16
88 84 24 38 22
85 87 25 38 21
87 88 21 37 23
86 90 20 36 24
85 91 21 36 23
85 92 20 35 24
87 92 17 34 26
86 93 18 34 25
86 93 18 34 25
85 94 19 34 24
86 94 18 33 25
85 95 18 33 25
86 94 18 33 25
86 94 18 33 25
86 93 19 34 24
83 94 21 35 23
86 90 20 36 24
86 89 21 36 24
87 85 24 38 22
87 83 32 39 15
88 83 30 39 16
88 83 24 39 22
87 89 21 35 24
85 90 22 36 23
84 93 20 35 24
85 94 19 34 24
86 95 17 33 25
85 95 18 34 24
85 94 19 34 24
86 94 18 33 25
85 93 20 34 24
85 92 20 35 24
85 92 19 35 25
86 84 30 39 17
88 83 31 40 14
91 81 30 40 14
86 83 30 40 17
84 91 21 36 24
86 92 19 34 25
85 94 19 34 24
85 94 18 34 25
84 95 20 34 23
84 95 19 34 24
84 95 19 34 24
84 95 19 34 24
85 94 18 34 25
83 93 22 35 23
84 92 21 35 24
84 90 23 36 23
84 88 25 38 21
85 86 28 39 18
86 83 32 40 15
87 83 30 40 16
85 86 28 39 18
84 87 25 38 22
84 90 23 36 23
84 91 22 36 23
84 93 21 35 23
85 94 19 34 24
84 95 19 34 24
84 95 20 34 23
83 96 20 34 23
85 95 18 33 25
85 95 19 33 24
84 95 20 33 24
85 94 18 34 25
84 94 20 34 24
84 94 21 34 23
85 93 20 34 24
84 93 21 35 23
85 91 21 35 24
84 91 23 36 22
85 86 27 38 20
88 83 29 39 17
85 84 32 40 15
88 82 31 40 15
85 84 30 40 17
85 85 28 39 19
86 87 24 37 22
86 89 22 36 23
83 91 24 36 22
85 91 21 35 24
83 93 22 35 23
86 93 19 34 24
84 94 20 34 24
86 93 19 34 24
86 94 19 33 24
84 95 20 34 23
86 94 18 33 25
84 95 19 34 24
84 96 19 33 24
86 95 17 33 25
86 94 18 34 24
86 92 20 34 24
86 90 21 35 24
87 85 24 38 22
88 82 32 40 14
89 81 31 40 15
87 85 26 38 20
85 91 21 35 24
86 92 20 35 23
86 93 19 34 24
86 94 18 33 25
85 95 18 33 25
86 93 19 34 24
86 91 20 35 24
88 83 28 39 18
87 83 32 40 14
87 83 30 40 16
87 82 29 40 18
87 87 23 37 22
88 88 21 36 23
85 91 22 35 23
87 93 18 34 24
85 95 19 33 24
86 94 17 33 26
87 94 17 33 25
86 94 19 33 24
86 93 18 34 25
87 92 18 34 25
85 92 21 35 23
87 90 20 35 24
89 85 22 37 23
89 82 30 39 16
89 82 29 39 17
88 84 24 39 21
89 87 20 36 24
86 90 21 35 24
85 92 20 35 24
87 92 19 34 24
87 93 18 34 24
85 94 19 34 24
87 93 18 33 25
87 94 17 33 25
85 95 19 33 24
85 95 18 33 25
85 94 19 34 24
83 95 21 34 23
84 94 20 34 24
82 95 22 34 23
86 93 19 34 24
86 92 20 34 24
86 91 20 35 24
83 92 23 36 22
85 89 23 37 22
85 87 26 38 20
87 84 27 39 19
88 82 30 40 16
87 83 31 40 15
87 84 32 39 14
88 82 30 40 16
86 84 28 39 19
85 86 26 38 21
84 89 24 37 22
84 91 22 36 23
85 92 21 35 23
86 91 20 35 24
86 93 19 34 24
84 94 20 34 24
84 94 21 34 23
83 95 20 34 24
85 94 19 34 24
84 95 19 33 25
84 95 19 34 24
87 94 17 33 25
86 94 18 33 25
85 94 19 34 24
87 92 18 34 25
85 91 22 35 23
86 88 23 37 22
90 80 30 41 15
90 81 30 39 16
84 89 24 37 22
86 90 20 36 24
87 92 18 34 25
85 94 19 34 24
85 95 18 33 25
85 95 19 33 24
85 94 19 34 24
86 92 20 34 24
87 91 20 34 24
87 89 21 36 23
86 89 22 36 23
89 85 22 38 22
87 85 25 38 21
85 83 30 41 17
86 84 27 39 20
88 86 23 37 22
86 88 22 37 23
86 89 22 36 23
86 91 20 35 24
86 92 19 35 24
85 94 19 34 24
85 95 19 33 24
87 94 17 33 25
85 94 19 33 25
85 94 19 34 24
87 90 20 35 24
88 85 23 38 22
88 83 28 39 18
91 80 30 40 15
86 83 26 40 21
90 81 30 40 15
87 82 29 40 18
87 85 24 38 22
87 90 20 35 24
86 93 19 34 24
85 95 19 33 24
86 94 18 34 24
84 95 20 34 23
87 94 17 33 25
88 92 18 34 24
88 88 20 36 24
85 93 18 34 26
87 88 21 36 24
88 91 18 34 25
86 94 18 33 25
84 95 19 34 24
84 95 19 34 24
84 95 20 34 23
85 94 19 34 24
85 94 20 34 23
83 93 22 35 23
84 92 22 35 23
85 91 21 35 24
84 91 23 36 22
83 90 24 37 22
84 88 26 38 20
85 86 25 38 22
83 86 29 39 19
86 84 35 39 12
86 83 32 40 15
87 83 32 40 14
86 84 35 39 12
87 83 30 40 16
85 85 30 39 17
87 86 24 38 21
87 86 24 38 21
85 89 23 37 22
85 90 22 36 23
86 91 20 35 24
85 92 21 35 23
85 92 20 35 24
83 95 20 34 24
84 94 20 34 24
85 95 19 33 24
85 95 20 33 23
83 96 19 34 24
87 93 18 33 25
84 94 21 34 23
85 93 20 35 23
87 91 19 35 24
86 88 22 37 23
86 86 25 38 21
86 84 29 40 17
89 81 31 40 15
88 83 30 39 16
89 83 28 39 17
88 82 29 40 17
86 83 30 40 17
90 81 30 40 15
89 86 21 37 23
87 91 19 35 24
87 92 18 34 25
86 93 19 34 24
85 94 19 34 24
86 95 17 33 25
86 94 19 33 24
85 94 19 34 24
86 94 18 33 25
86 94 19 33 24
86 91 21 35 23
86 90 21 35 24
84 90 23 36 23
86 87 24 37 22
85 85 27 39 20
89 83 28 39 17
89 81 31 40 15
89 82 31 40 14
87 83 29 39 18
89 83 27 39 18
86 86 25 38 21
88 86 23 37 22
86 89 21 36 24
88 89 20 36 23
86 91 20 35 24
87 92 18 34 25
85 94 20 34 23
85 94 19 34 24
87 94 18 33 24
85 95 18 33 25
86 94 18 33 25
87 93 17 34 25
86 93 19 34 24
86 90 21 36 23
88 88 21 36 23
85 88 23 37 23
88 82 29 40 17
92 80 29 40 15
91 80 30 40 15
90 81 27 40 18
87 87 21 37 24
89 87 20 37 23
88 89 20 35 24
88 92 17 34 25
86 93 18 34 25
87 94 18 33 24
88 91 18 34 25
88 91 18 34 25
84 95 19 34 24
85 95 18 33 25
84 95 20 34 23
85 94 20 34 23
85 93 20 35 23
85 93 20 34 24
84 93 21 34 24
83 93 22 35 23
86 91 20 35 24
85 91 22 36 22
84 90 23 36 23
84 88 26 38 20
85 87 25 38 21
85 85 30 39 17
87 83 30 40 16
86 83 29 40 18
86 84 31 39 16
87 84 31 39 15
85 85 29 39 18
84 87 26 38 21
84 87 26 38 21
86 88 23 37 22
84 90 24 37 21
84 91 22 36 23
86 91 21 35 23
86 92 19 35 24
85 93 20 35 23
85 93 20 34 24
85 93 20 34 24
85 94 19 34 24
84 94 20 34 24
84 95 20 34 23
84 95 18 34 25
86 94 18 33 25
87 93 18 34 24
86 92 19 35 24
87 90 20 35 24
88 89 19 35 25
86 89 22 36 23
86 89 22 36 23
86 87 24 37 22
86 85 26 39 20
88 85 23 38 22
86 85 26 39 20
87 85 24 38 22
86 87 24 37 22
87 89 21 36 23
87 90 21 35 23
86 92 19 35 24
86 93 18 34 25
86 94 18 34 24
86 94 19 33 24
86 94 18 33 25
86 94 18 34 24
86 93 19 34 24
84 93 21 35 23
87 91 19 35 24
87 88 22 36 23
87 86 23 38 22
86 86 24 38 22
87 85 24 38 22
85 85 27 39 20
87 84 26 39 20
88 84 26 38 20
86 85 28 38 19
87 85 24 38 22
88 85 23 38 22
87 87 24 37 21
87 88 22 36 23
86 89 23 36 22
87 91 19 35 24
85 92 20 35 24
86 93 19 33 25
85 94 19 34 24
86 94 18 33 25
85 95 18 33 25
87 94 17 33 25
87 92 18 34 25
87 92 18 34 25
88 90 19 35 24
88 89 19 36 24
88 87 21 37 23
88 87 22 37 22
87 89 20 36 24
88 90 19 35 24
87 92 19 34 24
87 92 18 34 25
86 94 18 33 25
87 93 18 33 25
87 94 17 33 25
83 96 19 34 24
81 97 20 34 24
86 94 18 34 24
84 95 20 34 23
84 95 20 33 24
84 94 20 34 24
84 93 20 35 24
85 92 21 35 23
85 91 21 35 24
84 91 23 36 22
84 90 24 36 22
85 89 23 37 22
84 89 24 37 22
86 87 24 37 22
85 88 24 37 22
84 88 26 37 21
84 88 25 38 21
85 87 25 38 21
84 88 25 38 21
84 89 25 37 21
85 88 24 37 22
84 89 25 37 21
84 90 24 36 22
83 91 23 36 23
85 90 22 36 23
86 90 21 36 23
84 92 22 35 23
83 93 22 35 23
83 94 22 34 23
84 94 20 34 24
85 94 20 34 23
83 95 20 34 24
85 94 18 34 25
82 96 20 34 24
83 96 19 34 24
84 96 18 33 25
86 94 18 34 24
87 93 18 34 24
85 93 20 34 24
85 93 20 34 24
86 92 20 35 23
85 91 22 35 23
87 90 20 35 24
87 88 21 37 23
87 88 22 36 23
86 90 21 35 24
88 89 20 35 24
86 92 20 35 23
84 93 21 35 23
84 94 21 34 23
86 93 19 34 24
86 94 17 34 25
84 95 18 34 25
83 96 19 34 24
87 94 17 33 25
86 94 18 33 25
85 94 19 34 24
88 92 18 34 24
88 91 19 34 24
87 91 19 35 24
85 90 22 36 23
86 89 22 36 23
88 88 21 36 23
87 89 21 36 23
88 88 20 36 24
87 88 21 36 24
86 89 22 36 23
87 89 20 36 24
86 90 21 36 23
85 92 20 35 24
85 94 19 34 24
86 93 18 34 25
85 94 19 34 24
85 95 18 33 25
87 94 17 33 25
87 93 18 33 25
87 92 18 34 25
88 91 18 34 25
88 91 18 34 25
86 91 21 35 23
87 89 20 36 24
87 89 20 36 24
88 90 19 35 24
89 90 18 34 25
87 92 19 34 24
86 93 19 34 24
87 93 18 34 24
87 94 17 33 25
84 96 18 33 25
86 95 17 33 25
83 96 20 34 23
82 96 21 34 23
83 95 20 34 24
85 94 20 34 23
85 94 19 34 24
85 95 19 33 24
83 94 21 35 23
84 93 21 35 23
85 92 20 35 24
85 92 20 35 24
84 92 22 35 23
83 92 23 36 22
83 92 23 36 22
84 92 22 35 23
83 91 24 36 22
84 91 23 36 22
86 91 20 35 24
85 90 22 36 23
85 91 21 36 23
84 91 22 36 23
85 91 21 35 24
85 91 22 35 23
86 92 20 35 23
85 92 21 35 23
84 93 21 35 23
84 94 21 34 23
83 94 21 34 24
83 95 21 34 23
84 94 20 34 24
83 95 20 34 24
84 95 19 34 24
82 97 20 33 24
83 96 20 33 24
87 93 18 33 25
87 93 18 33 25
86 94 19 33 24
86 93 19 34 24
86 92 19 35 24
86 91 20 35 24
85 91 21 35 24
87 90 21 35 23
87 90 20 35 24
88 91 19 34 24
86 93 19 34 24
86 93 19 34 24
86 94 19 33 24
84 95 19 34 24
85 95 18 33 25
84 95 18 34 25
86 94 18 33 25
86 93 19 34 24
84 93 21 35 23
86 92 20 34 24
86 92 21 34 23
87 91 19 35 24
87 91 19 35 24
85 93 20 34 24
84 94 20 34 24
85 95 19 33 24
85 95 18 34 24
86 95 17 33 25
85 95 19 33 24
83 96 19 34 24
87 94 18 33 24
87 93 18 34 24
86 93 19 34 24
87 92 18 34 25
88 92 18 34 24
87 91 19 35 24
85 92 21 35 23
86 91 19 35 25
85 91 21 35 24
87 90 20 35 24
88 90 19 35 24
87 90 20 35 24
88 90 19 35 24
86 91 20 35 24
88 91 18 35 24
89 91 17 34 25
87 92 19 34 24
88 92 18 34 24
85 94 19 34 24
86 94 18 33 25
84 95 20 33 24
85 95 18 33 25
85 95 19 33 24
85 94 19 34 24
84 95 20 34 23
84 94 21 34 23
84 94 20 34 24
86 93 19 34 24
85 93 21 34 23
84 93 21 35 23
85 93 20 34 24
86 92 19 34 25
84 92 21 35 24
85 92 21 35 23
84 93 21 35 23
84 93 21 35 23
85 93 20 34 24
85 92 20 35 24
87 92 19 34 24
85 93 20 35 23
84 93 21 35 23
84 93 20 35 24
86 93 19 34 24
84 94 20 34 24
84 94 21 34 23
84 95 19 34 24
83 96 20 34 23
85 95 18 33 25
86 94 18 33 25
87 94 17 33 25
85 94 19 34 24
86 94 19 33 24
87 92 19 34 24
86 93 19 34 24
84 93 21 35 23
86 91 20 35 24
87 91 19 34 25
85 93 20 34 24
86 92 19 34 25
86 93 19 34 24
86 93 18 34 25
85 95 19 33 24
86 94 18 33 25
83 95 20 34 24
84 95 18 34 25
86 94 18 33 25
86 94 18 34 24
85 94 19 34 24
87 93 18 34 24
87 92 18 34 25
86 92 19 35 24
86 93 19 34 24
87 92 18 34 25
86 93 20 34 23
86 93 19 34 24
85 94 19 34 24
86 94 18 34 24
84 95 19 34 24
85 95 18 33 25
85 95 18 33 25
87 93 18 33 25
86 94 18 34 24
87 93 18 33 25
86 93 19 34 24
86 93 19 34 24
88 92 17 34 25
88 92 18 34 24
86 92 20 35 23
87 92 18 34 25
87 93 18 33 25
87 94 17 33 25
85 95 19 33 24
87 94 17 33 25
88 93 17 33 25
88 93 17 33 25
83 96 19 34 24
82 97 20 34 23
84 95 19 34 24
86 94 19 33 24
86 94 18 34 24
85 94 19 34 24
84 94 20 34 24
84 94 20 34 24
83 95 21 34 23
84 94 20 34 24
85 94 19 34 24
85 93 20 34 24
84 94 20 34 24
84 94 20 34 24
85 94 19 34 24
85 94 19 34 24
83 95 21 34 23
85 94 19 34 24
85 94 20 34 23
84 94 20 34 24
85 94 20 34 23
85 94 19 34 24
84 95 21 33 23
83 96 19 33 25
85 95 17 33 26
84 95 19 34 24
87 93 18 34 24
86 93 19 34 24
86 93 18 34 25
87 93 18 34 24
86 93 18 34 25
86 93 18 34 25
86 93 19 34 24
86 94 18 33 25
87 94 16 33 26
86 95 17 33 25
85 95 18 33 25
86 94 18 33 25
86 94 18 33 25
86 94 19 34 23
86 93 18 34 25
86 94 19 33 24
86 94 19 33 24
87 94 17 33 25
88 93 17 33 25
87 94 17 33 25
85 94 19 34 24
86 93 19 34 24
87 93 17 34 25
87 93 18 33 25
86 94 18 33 25
86 93 19 34 24
87 93 18 34 24
87 94 17 33 25
86 94 18 33 25
87 94 17 33 25
88 92 17 34 25
87 93 18 34 24
88 93 17 33 25
85 95 17 33 26
84 95 18 34 25
84 95 18 34 25
82 97 20 34 23
84 95 19 34 24
84 95 19 34 24
85 95 19 33 24
86 94 18 34 24
85 95 19 34 23
85 94 19 34 24
84 95 20 34 23
85 94 19 34 24
85 94 19 34 24
83 96 19 34 24
84 95 20 33 24
84 95 19 34 24
84 95 20 33 24
83 96 19 34 24
82 96 20 34 24
85 95 18 33 25
86 95 17 33 25
85 95 18 33 25
83 96 20 33 24
85 95 19 33 24
85 95 19 33 24
86 94 18 33 25
86 94 18 34 24
86 94 19 33 24
87 94 17 33 25
85 94 19 33 25
86 94 19 33 24
83 96 19 33 25
83 95 19 34 25
83 96 19 34 24
87 94 17 33 25
86 94 19 33 24
86 94 18 34 24
85 95 19 33 24
86 94 18 34 24
85 95 19 33 24
86 95 18 33 24
84 95 19 33 25
84 95 18 34 25
87 94 17 33 25
87 94 17 33 25
87 94 17 33 25
87 93 17 34 25
87 93 18 33 25
86 94 18 33 25
86 94 18 33 25
86 95 17 33 25
84 96 18 33 25
85 95 18 33 25
86 95 17 33 25
87 94 17 33 25
86 95 17 33 25
84 96 18 33 25
85 95 18 33 25
82 96 21 34 23
85 95 19 33 24
83 96 20 34 23
82 96 20 34 24
84 95 18 34 25
83 96 19 34 24
84 96 19 33 24
85 95 17 33 26
86 94 18 33 25
83 96 21 33 23
84 95 19 34 24
87 94 18 33 24
86 94 18 33 25
83 96 19 34 24
85 95 17 33 26
86 94 18 33 25
85 95 18 33 25
87 94 17 33 25
86 94 19 33 24
85 95 17 33 26
84 96 19 33 24
85 95 18 33 25
86 94 18 33 25
87 94 17 33 25
87 94 17 33 25
85 95 19 33 24
84 95 19 34 24
85 95 19 33 24
87 94 17 33 25
85 95 19 33 24
85 95 18 33 25
86 95 17 33 25
86 94 18 33 25
86 94 18 33 25
86 95 18 33 24
85 95 19 33 24
83 96 20 34 23
84 96 19 33 24
85 95 19 33 24
85 95 18 33 25
83 96 19 34 24
85 95 16 33 27
83 96 19 34 24
84 95 19 34 24
86 95 18 33 24
87 94 17 33 25
85 95 19 33 24
87 94 17 33 25
85 94 18 34 25
84 95 19 34 24
85 94 18 34 25
85 94 19 34 24
86 94 18 33 25
86 94 17 34 25
84 95 19 34 24
87 94 17 33 25
86 94 18 33 25
86 94 18 33 25
88 93 17 33 25
85 94 19 34 24
86 94 18 33 25
86 95 18 33 24
85 95 19 33 24
86 94 18 33 25
85 94 19 34 24
85 94 19 34 24
85 94 19 34 24
86 94 18 33 25
87 94 17 33 25
87 94 17 33 25
84 95 19 34 24
85 95 19 33 24
85 95 19 33 24
85 95 19 33 24
86 95 17 33 25
84 95 19 34 24
84 95 19 34 24
84 95 19 34 24
84 95 19 34 24
85 94 19 34 24
85 94 19 34 24
85 94 19 34 24
84 95 19 34 24
86 95 18 33 24
86 94 18 33 25
85 95 18 34 24
83 96 20 34 23
85 95 19 33 24
82 96 21 34 23
83 95 20 34 24
83 95 21 34 23
84 95 19 34 24
84 95 20 34 23
84 96 20 33 23
84 95 19 33 25
84 96 18 33 25
84 95 20 34 23
83 95 20 34 24
86 95 17 33 25
85 95 18 33 25
86 94 19 33 24
86 94 18 33 25
85 95 18 33 25
86 94 19 33 24
86 94 18 34 24
85 94 19 34 24
87 93 17 34 25
85 94 18 34 25
87 93 17 34 25
86 93 18 34 25
85 94 19 34 24
87 94 17 33 25
88 93 18 33 24
86 94 19 33 24
86 94 18 34 24
84 95 19 34 24
85 95 19 33 24
86 94 18 33 25
85 95 19 33 24
85 94 19 34 24
85 94 19 34 24
84 94 20 34 24
83 95 21 34 23
86 93 19 34 24
85 94 20 34 23
85 94 19 34 24
87 94 18 33 24
85 95 19 33 24
86 94 18 33 25
85 94 19 33 25
84 94 20 34 24
86 93 19 34 24
86 93 18 34 25
85 94 19 34 24
84 94 20 34 24
87 93 18 33 25
84 94 20 34 24
85 94 19 34 24
86 93 19 34 24
85 94 19 34 24
83 95 20 34 24
85 95 19 33 24
84 95 19 34 24
83 96 20 34 23
84 95 19 34 24
84 95 20 34 23
84 94 20 34 24
83 95 21 34 23
84 94 20 34 24
84 94 20 35 23
82 95 22 35 22
84 93 21 35 23
84 94 21 34 23
84 95 20 34 23
85 94 19 34 24
86 93 19 34 24
83 96 20 34 23
84 95 19 34 24
85 95 19 33 24
86 95 17 33 25
84 95 20 33 24
83 96 20 34 23
84 95 19 33 25
87 94 17 33 25
86 94 18 33 25
87 94 17 33 25
85 94 19 34 24
85 94 19 34 24
85 94 19 34 24
86 93 18 34 25
87 92 18 34 25
85 93 19 34 25
85 93 19 35 24
86 93 19 34 24
85 93 19 35 24
85 93 20 34 24
85 93 19 34 25
85 93 19 35 24
84 93 20 35 24
86 93 18 34 25
85 93 20 34 24
86 92 19 34 25
86 93 19 34 24
87 92 18 34 25
88 92 17 34 25
88 93 17 33 25
87 93 18 34 24
85 95 19 33 24
86 94 19 33 24
86 94 18 33 25
86 95 17 33 25
85 95 19 33 24
86 95 17 33 25
87 94 17 33 25
86 94 18 33 25
84 94 20 34 24
84 94 20 34 24
85 94 18 34 25
84 93 20 35 24
84 93 20 35 24
86 93 20 34 23
86 93 19 34 24
86 93 19 34 24
85 95 19 33 24
85 95 18 33 25
85 94 19 33 25
84 94 20 34 24
84 94 20 34 24
85 93 20 34 24
85 93 20 34 24
84 93 20 35 24
84 93 21 35 23
83 93 21 35 24
84 93 20 35 24
84 93 21 35 23
85 93 20 34 24
86 93 19 34 24
87 93 18 34 24
86 93 19 34 24
84 95 20 34 23
84 96 19 33 24
84 95 19 34 24
83 95 21 34 23
83 94 22 35 22
84 93 21 35 23
82 94 22 35 23
82 94 23 35 22
84 93 20 35 24
83 93 22 35 23
84 94 20 34 24
84 93 20 35 24
85 94 19 34 24
84 95 20 33 24
84 95 20 34 23
83 95 20 34 24
83 95 20 34 24
84 96 18 33 25
87 94 17 33 25
85 95 19 33 24
87 94 18 33 24
87 94 17 33 25
86 94 18 34 24
87 93 18 33 25
85 94 19 34 24
86 93 18 34 25
85 93 20 34 24
86 93 19 34 24
86 92 19 34 25
85 92 20 35 24
86 91 20 35 24
86 91 20 35 24
86 91 20 35 24
84 92 21 35 24
86 90 21 36 23
88 90 19 35 24
86 91 21 35 23
87 91 19 35 24
86 91 21 35 23
88 91 19 34 24
86 92 19 35 24
86 92 19 34 25
85 93 21 34 23
87 92 19 34 24
88 92 18 34 24
85 94 20 34 23
86 93 19 34 24
84 95 20 34 23
86 94 19 33 24
85 95 19 33 24
86 94 18 34 24
86 95 18 33 24
85 94 19 34 24
87 94 18 33 24
86 93 19 34 24
84 93 21 35 23
87 92 19 34 24
88 92 18 34 24
86 93 19 34 24
85 94 19 34 24
86 94 18 34 24
84 96 19 33 24
85 94 18 34 25
84 94 20 34 24
84 93 21 35 23
86 92 19 34 25
84 92 22 35 23
85 91 21 36 23
84 91 22 36 23
85 91 20 35 25
84 91 21 36 24
85 90 21 36 24
87 90 21 35 23
85 91 22 36 22
87 90 20 35 24
84 92 22 35 23
86 92 20 34 24
85 93 20 34 24
83 94 21 35 23
83 95 21 34 23
85 95 19 33 24
84 96 19 33 24
84 95 19 34 24
85 95 19 33 24
84 94 21 34 23
84 93 22 35 22
83 92 21 36 24
81 93 24 36 22
83 92 23 36 22
83 91 23 37 22
84 90 24 36 22
84 91 22 36 23
84 91 22 36 23
84 92 22 35 23
83 93 22 35 23
86 93 19 34 24
83 95 21 34 23
83 96 20 33 24
84 95 20 33 24
84 95 20 34 23
84 94 21 34 23
86 95 17 33 25
87 94 17 33 25
86 94 19 33 24
88 93 17 33 25
86 93 19 34 24
87 92 18 34 25
87 92 19 34 24
86 92 19 35 24
86 93 19 34 24
87 92 19 34 24
86 91 20 35 24
88 91 18 34 25
85 91 21 36 23
87 89 20 36 24
87 90 20 35 24
86 90 21 36 23
86 90 22 36 22
87 89 20 36 24
84 89 24 37 22
86 88 21 37 24
87 89 20 36 24
86 88 21 37 24
88 88 20 36 24
86 89 21 36 24
87 87 21 37 24
84 89 25 37 21
87 89 20 36 24
86 89 22 36 23
88 89 19 36 24
87 89 20 36 24
88 89 20 35 24
86 90 21 36 23
88 91 19 34 24
86 92 20 34 24
87 91 19 35 24
85 93 20 34 24
87 92 18 34 25
86 93 19 34 24
86 93 19 34 24
87 93 18 34 24
86 94 19 33 24
87 94 18 33 24
86 95 17 33 25
85 95 19 33 24
85 95 19 33 24
85 94 19 34 24
87 93 18 33 25
87 93 17 34 25
85 94 19 34 24
86 95 17 33 25
84 96 19 33 24
85 95 19 33 24
85 94 19 34 24
85 93 20 34 24
85 91 21 35 24
86 91 20 35 24
84 89 23 37 23
86 88 22 37 23
84 87 25 38 22
84 88 25 37 22
85 88 24 37 22
85 89 23 37 22
87 90 20 35 24
86 91 20 35 24
84 92 22 35 23
84 92 21 35 24
86 92 19 35 24
85 93 20 34 24
84 95 19 34 24
84 95 19 34 24
83 96 21 33 23
84 95 20 34 23
86 94 19 33 24
85 94 20 34 23
85 92 20 35 24
83 91 23 36 23
84 90 23 37 22
84 89 24 37 22
83 90 24 37 22
84 87 25 38 22
83 89 25 37 22
85 90 22 36 23
85 90 22 36 23
84 94 21 34 23
85 94 19 34 24
84 95 20 34 23
83 96 19 33 25
84 93 21 35 23
83 92 22 36 23
84 93 21 35 23
85 95 19 33 24
86 94 18 34 24
86 94 18 33 25
88 92 17 34 25
86 91 20 35 24
86 91 20 35 24
87 90 20 35 24
87 89 20 36 24
87 89 20 36 24
86 89 22 36 23
85 89 23 37 22
87 87 22 37 23
85 87 24 38 22
86 86 23 38 23
87 85 23 38 23
85 86 25 38 22
88 85 23 37 23
85 85 28 39 19
87 85 26 39 19
88 83 25 39 21
86 84 27 39 20
86 85 25 39 21
88 85 23 38 22
87 86 23 38 22
88 85 24 38 21
85 88 24 37 22
86 88 23 37 22
84 89 24 37 22
86 89 22 36 23
88 89 19 36 24
87 90 20 35 24
86 91 20 35 24
85 92 20 35 24
87 92 19 34 24
86 93 19 34 24
86 93 19 34 24
86 94 18 34 24
87 94 17 33 25
86 94 19 33 24
86 94 19 33 24
87 94 17 33 25
85 94 19 34 24
86 91 20 35 24
86 91 20 35 24
87 89 21 36 23
86 90 20 36 24
86 92 20 34 24
84 93 21 35 23
84 94 21 34 23
85 94 19 34 24
86 94 19 33 24
85 94 19 34 24
86 92 20 34 24
85 91 21 36 23
86 89 23 36 22
84 87 26 38 21
86 85 27 39 19
87 84 26 39 20
81 89 29 38 19
85 89 23 37 22
85 91 21 36 23
85 93 20 34 24
86 93 19 34 24
84 94 20 34 24
84 95 20 34 23
83 95 21 34 23
84 95 20 34 23
85 92 21 35 23
84 91 24 36 21
84 88 26 38 20
85 84 33 40 14
86 84 31 39 16
86 84 30 39 17
87 83 32 39 15
82 88 27 38 21
85 89 23 37 22
84 92 23 35 22
84 93 21 35 23
84 94 21 34 23
83 95 21 34 23
85 95 19 33 24
85 95 19 33 24
84 89 24 37 22
84 86 30 39 17
86 84 28 39 19
84 95 19 34 24
87 94 17 33 25
85 94 19 34 24
85 94 19 34 24
86 93 18 34 25
86 93 19 34 24
87 92 18 34 25
88 91 19 34 24
89 89 19 35 24
86 89 23 36 22
86 88 22 37 23
84 88 25 37 22
89 85 23 37 22
87 84 27 38 20
88 83 29 39 17
90 82 28 39 17
89 81 31 40 15
91 80 30 40 15
92 80 31 39 14
88 82 31 40 15
90 81 29 40 16
88 83 29 39 17
88 83 28 39 18
89 84 24 38 21
87 85 24 38 22
87 86 24 38 21
87 87 22 37 23
86 89 22 36 23
88 89 20 35 24
87 91 19 35 24
87 92 18 34 25
87 93 18 34 24
87 93 18 34 24
86 93 19 34 24
86 94 18 33 25
87 94 18 33 24
87 94 17 33 25
86 94 18 33 25
85 94 19 34 24
86 92 19 34 25
87 91 18 35 25
86 91 21 35 23
87 90 20 35 24
86 88 22 37 23
88 84 24 38 22
89 81 30 40 16
87 83 31 39 16
89 82 29 39 17
88 83 31 39 15
89 87 21 36 23
88 89 19 35 25
86 91 20 35 24
87 91 20 35 23
87 92 18 34 25
86 93 20 34 23
87 94 18 33 24
84 95 19 34 24
85 93 20 34 24
85 91 22 35 23
84 87 26 38 21
87 83 29 39 18
91 81 30 39 15
82 88 27 38 21
87 84 30 39 16
89 81 31 40 15
85 86 25 39 21
85 92 22 35 22
85 93 20 34 24
86 93 19 34 24
86 94 18 34 24
84 96 19 33 24
85 94 19 34 24
85 94 19 34 24
84 94 21 34 23
86 91 21 35 23
86 90 22 35 23
86 89 22 36 23
83 88 26 38 21
88 82 33 40 13
87 83 33 39 14
86 83 32 40 15
87 84 28 39 18
86 86 25 38 21
85 89 24 36 22
85 91 22 35 23
85 92 21 35 23
84 94 20 34 24
85 94 19 34 24
85 95 18 33 25
85 93 20 34 24
86 84 29 40 17
84 93 21 35 23
87 94 17 33 25
86 94 18 33 25
85 95 19 33 24
85 94 19 34 24
86 93 19 34 24
86 93 19 34 24
86 92 20 34 24
87 90 20 35 24
87 88 21 36 24
87 87 23 37 22
86 85 25 39 21
87 84 30 39 16
91 80 31 40 14
86 83 25 40 22
85 93 15 35 28
92 80 29 39 16
87 83 29 39 18
86 84 29 39 18
87 85 24 38 22
88 88 20 36 24
88 91 18 34 25
86 91 20 35 24
88 92 18 34 24
87 93 18 34 24
86 93 19 34 24
85 95 19 33 24
86 94 18 33 25
87 94 18 33 24
85 95 19 33 24
85 93 20 34 24
85 93 19 34 25
84 93 21 35 23
86 91 20 35 24
86 89 22 36 23
86 89 22 36 23
87 86 22 38 23
81 88 24 40 23
86 87 24 37 22
86 87 23 37 23
87 89 20 36 24
87 90 20 35 24
85 92 21 35 23
85 93 20 34 24
85 93 20 34 24
85 95 19 33 24
86 95 17 33 25
85 95 19 33 24
85 95 19 33 24
85 94 19 34 24
85 94 19 34 24
85 93 20 35 23
84 92 21 35 24
86 83 31 40 16
89 81 31 40 15
88 92 16 34 26
90 81 30 40 15
88 82 31 40 15
87 91 20 35 23
87 92 19 34 24
84 95 20 34 23
86 94 18 33 25
84 95 20 34 23
85 95 19 33 24
86 94 19 33 24
84 95 19 34 24
84 95 20 33 24
83 95 21 34 23
83 94 21 35 23
83 92 22 36 23
87 88 23 36 22
84 87 26 38 21
85 85 28 39 19
86 84 32 39 15
87 83 32 40 14
86 84 29 39 18
85 87 25 38 21
86 88 23 37 22
85 91 22 35 23
85 93 20 34 24
84 94 20 35 23
83 95 20 34 24
84 96 19 33 24
84 90 24 36 22
85 88 24 37 22
87 94 17 33 25
86 95 18 33 24
87 94 17 33 25
86 94 19 33 24
86 93 18 34 25
86 93 19 34 24
86 93 19 34 24
85 92 20 35 24
87 91 20 35 23
88 90 19 35 24
88 87 20 37 24
85 88 24 37 22
88 85 22 38 23
87 84 28 39 18
89 81 31 40 15
90 81 28 40 17
88 82 29 39 18
89 83 24 38 22
85 87 25 38 21
87 88 21 37 23
86 90 21 36 23
86 91 20 35 24
85 92 20 35 24
86 92 20 34 24
86 93 19 34 24
85 94 19 34 24
85 94 19 34 24
87 93 18 33 25
86 94 18 33 25
86 95 18 33 24
87 94 18 33 24
85 94 19 34 24
84 94 21 34 23
87 90 20 35 24
87 88 22 36 23
87 85 23 38 23
87 83 32 40 14
87 82 32 40 15
88 84 25 38 21
87 89 21 36 23
85 90 21 36 24
83 94 21 34 24
86 93 19 34 24
87 94 17 33 25
85 95 19 33 24
85 95 19 33 24
86 94 18 33 25
85 93 20 34 24
86 92 19 35 24
87 90 20 35 24
88 83 29 39 17
89 81 30 40 16
89 82 31 39 15
87 84 28 39 18
85 91 21 36 23
85 92 20 34 25
85 93 20 34 24
86 93 19 34 24
85 94 19 34 24
85 95 20 33 23
85 95 19 33 24
85 94 19 34 24
84 94 20 34 24
83 93 22 35 23
85 91 21 35 24
85 89 22 37 23
85 88 25 37 21
85 86 27 38 20
86 83 32 40 15
88 82 32 39 15
86 85 27 39 19
84 87 25 38 22
85 89 24 36 22
83 91 23 36 23
83 93 23 35 22
84 94 20 34 24
85 94 19 34 24
85 95 18 33 25
85 94 19 34 24
85 95 19 33 24
85 94 19 34 24
84 94 20 34 24
83 94 21 35 23
84 94 21 34 23
82 93 23 35 23
86 91 20 35 24
84 91 22 36 23
85 89 23 37 22
84 89 24 37 22
84 87 26 38 21
86 84 30 39 17
88 83 31 39 15
90 81 30 40 15
86 84 29 40 17
84 86 28 39 19
85 88 24 37 22
85 89 23 37 22
85 91 21 36 23
86 91 21 35 23
84 92 21 35 24
86 93 19 34 24
84 93 21 35 23
85 94 19 34 24
86 93 18 34 25
84 94 20 34 24
85 94 19 34 24
84 96 19 33 24
84 95 19 34 24
86 94 18 33 25
85 92 20 35 24
86 90 20 36 24
86 86 25 38 21
90 81 29 39 17
91 80 30 40 15
86 85 27 39 19
86 90 21 36 23
86 92 19 35 24
86 94 18 34 24
85 95 18 33 25
85 94 19 34 24
86 91 20 35 24
86 88 23 36 23
85 88 24 37 22
86 84 30 39 17
89 82 30 39 16
89 83 30 39 15
86 83 31 40 16
86 87 25 37 21
87 89 21 36 23
87 90 20 35 24
86 93 18 34 25
84 95 18 34 25
87 94 17 33 25
86 94 18 33 25
86 93 18 34 25
87 92 19 34 24
84 93 21 34 24
85 90 21 36 24
87 89 21 36 23
87 85 24 38 22
90 81 29 39 17
92 80 29 39 16
87 84 26 39 20
87 88 22 37 22
87 90 20 36 23
86 92 19 35 24
87 92 18 34 25
86 93 19 34 24
86 94 18 33 25
87 93 17 34 25
86 94 17 34 25
84 96 20 33 23
84 96 19 33 24
85 94 19 34 24
84 95 19 34 24
84 94 20 34 24
83 95 21 34 23
85 94 18 34 25
85 92 20 35 24
85 92 20 35 24
83 92 22 36 23
85 90 22 36 23
86 86 25 38 21
86 85 27 39 19
89 82 29 39 17
88 83 31 39 15
87 84 32 39 14
88 82 32 39 15
87 84 28 39 18
86 86 25 38 21
84 89 24 37 22
84 92 21 35 24
86 91 20 35 24
84 93 21 35 23
84 93 21 35 23
84 94 21 34 23
85 94 19 34 24
84 95 20 34 23
85 94 19 34 24
85 95 19 33 24
85 95 20 33 23
85 95 18 33 25
86 94 18 34 24
85 94 19 34 24
87 92 19 34 24
85 91 22 35 23
85 89 23 37 22
92 81 31 38 14
90 81 31 40 14
86 88 22 37 23
86 91 20 35 24
86 92 19 34 25
85 93 20 34 24
86 94 17 33 26
87 94 18 33 24
85 94 18 34 25
86 93 19 34 24
86 92 19 35 24
86 89 21 36 24
86 89 22 36 23
88 85 22 38 23
87 85 25 38 21
90 81 27 40 18
85 93 20 34 24
87 85 26 38 20
88 85 23 38 22
86 88 22 37 23
87 88 21 36 24
86 91 21 35 23
85 93 20 34 24
85 93 20 34 24
85 95 19 33 24
87 94 17 33 25
85 94 19 34 24
86 93 18 34 25
86 90 20 35 25
88 86 22 37 23
89 82 27 39 19
92 81 30 38 15
86 83 31 41 15
91 80 30 40 15
86 84 30 39 17
88 85 23 38 22
87 91 18 35 25
86 93 19 34 24
86 94 18 33 25
87 94 17 33 25
86 94 18 34 24
86 94 17 33 26
87 92 19 34 24
88 88 20 36 24
87 92 17 34 26
87 88 21 36 24
86 92 19 35 24
87 94 17 33 25
83 96 19 34 24
83 95 20 34 24
84 95 20 34 23
85 94 20 33 24
84 94 21 34 23
84 93 20 35 24
85 92 20 35 24
85 91 21 36 23
85 91 22 35 23
85 89 22 37 23
83 88 26 38 21
85 87 25 38 21
85 85 27 39 20
87 83 29 40 17
89 81 33 40 13
89 82 30 39 16
88 82 31 39 16
89 82 32 40 13
84 84 32 40 16
87 85 24 38 22
86 87 25 37 21
83 90 25 37 21
84 91 23 36 22
86 91 21 35 23
86 91 20 35 24
83 93 22 35 23
83 95 21 34 23
84 94 20 34 24
84 95 20 34 23
84 95 19 34 24
83 96 20 34 23
86 93 19 34 24
84 94 20 34 24
86 93 19 34 24
87 91 19 35 24
87 89 21 35 24
91 81 30 40 14
88 83 32 39 14
89 83 31 38 15
90 81 29 39 17
89 83 30 39 15
90 80 30 40 16
84 85 31 39 17
86 85 26 39 20
89 87 21 36 23
88 91 19 34 24
86 92 20 34 24
85 93 21 34 23
85 94 19 34 24
85 95 18 34 24
86 95 17 33 25
84 95 19 34 24
86 94 18 34 24
86 93 18 34 25
86 91 20 35 24
87 90 20 35 24
86 90 20 36 24
85 88 24 37 22
87 85 24 38 22
87 84 27 39 19
88 83 28 39 18
91 81 30 39 15
89 81 32 40 14
90 82 27 39 18
85 85 26 39 21
87 86 24 37 22
85 90 22 36 23
86 90 21 35 24
87 90 20 35 24
85 93 20 34 24
85 94 19 34 24
85 94 19 34 24
86 94 18 34 24
85 95 18 33 25
86 94 17 34 25
86 93 18 34 25
87 92 18 34 25
88 89 20 35 24
87 88 22 36 23
88 85 23 37 23
91 81 27 39 18
90 80 29 40 17
90 80 30 40 16
91 81 28 39 17
86 85 25 38 22
89 87 20 36 24
86 90 21 36 23
86 92 20 34 24
86 93 18 34 25
87 94 17 33 25
87 91 19 35 24
88 91 19 34 24
84 95 19 34 24
85 95 18 33 25
84 95 19 34 24
85 94 20 34 23
85 94 20 34 23
84 93 21 35 23
84 94 20 34 24
82 94 22 35 23
85 92 20 35 24
84 91 22 36 23
83 90 23 37 23
83 90 24 37 22
85 87 25 38 21
85 87 26 38 20
84 85 29 40 18
86 84 31 39 16
87 84 29 39 17
88 83 29 39 17
87 83 31 39 16
86 84 29 40 17
86 86 25 38 21
84 88 25 38 21
86 88 23 37 22
84 91 23 36 22
85 91 22 35 23
84 92 22 35 23
85 93 20 34 24
84 93 21 35 23
84 94 21 34 23
85 94 19 34 24
85 94 19 34 24
83 95 20 34 24
82 96 20 34 24
86 94 18 33 25
86 93 19 34 24
84 93 21 35 23
86 90 21 35 24
85 90 21 36 24
86 87 23 37 23
84 86 27 39 20
85 88 24 37 22
87 84 26 39 20
88 85 23 38 22
87 86 24 37 22
86 89 22 36 23
85 89 24 36 22
87 89 20 36 24
86 90 20 36 24
86 92 20 34 24
87 93 19 33 24
87 93 18 33 25
86 95 18 33 24
86 94 18 33 25
86 94 18 33 25
86 93 19 34 24
84 93 21 35 23
86 92 19 34 25
85 90 22 36 23
87 88 22 36 23
84 87 26 38 21
86 86 23 38 23
86 86 24 38 22
86 86 25 38 21
88 85 25 38 20
89 83 25 39 20
87 85 25 38 21
89 85 22 38 22
87 86 24 38 21
89 86 21 37 23
87 88 22 37 22
87 91 19 35 24
85 92 21 35 23
86 93 19 34 24
86 94 19 33 24
85 95 18 33 25
84 95 18 34 25
87 94 17 33 25
87 93 18 34 24
86 92 19 34 25
87 90 20 35 24
87 89 20 36 24
88 89 20 35 24
88 87 21 36 24
88 88 19 36 25
88 90 19 35 24
87 92 18 34 25
87 93 18 34 24
85 95 18 33 25
87 93 17 34 25
87 93 18 33 25
84 95 18 34 25
82 97 20 33 24
84 95 19 34 24
83 95 21 34 23
85 94 19 34 24
85 94 19 34 24
83 94 21 35 23
83 93 21 35 24
84 92 22 35 23
85 91 21 36 23
84 91 22 36 23
82 92 24 36 22
82 91 24 37 22
83 90 24 37 22
85 88 23 37 23
84 90 24 37 21
85 87 24 38 22
85 87 25 38 21
86 87 24 38 21
84 88 25 38 21
85 89 22 37 23
87 87 22 37 23
84 89 24 37 22
86 89 21 36 24
85 90 24 36 21
83 92 23 36 22
85 91 22 35 23
83 93 22 35 23
83 94 21 35 23
83 95 21 34 23
84 94 19 34 25
83 95 21 34 23
84 95 19 34 24
83 96 20 34 23
84 95 19 34 24
85 95 19 33 24
85 94 19 34 24
86 93 19 34 24
84 94 20 34 24
85 93 20 34 24
86 92 19 35 24
86 91 20 35 24
84 91 22 36 23
87 88 21 36 24
88 88 21 36 23
88 89 20 35 24
86 91 21 35 23
85 92 21 35 23
85 93 20 34 24
84 94 21 34 23
86 93 19 34 24
85 95 19 33 24
85 95 18 33 25
84 96 18 33 25
85 95 18 33 25
86 94 18 34 24
86 93 19 34 24
85 92 20 35 24
84 91 21 36 24
85 90 21 36 24
85 90 22 36 23
87 89 21 36 23
88 88 20 36 24
86 88 22 37 23
88 88 20 36 24
86 90 21 36 23
87 89 20 36 24
88 89 19 35 25
86 92 20 34 24
86 93 19 34 24
84 94 20 34 24
85 94 19 34 24
84 95 19 34 24
86 95 17 33 25
86 94 18 33 25
88 93 17 33 25
86 93 19 34 24
87 92 18 34 25
88 91 18 34 25
86 91 20 35 24
86 89 21 36 24
87 89 20 36 24
85 91 22 35 23
86 92 20 34 24
86 92 20 34 24
86 93 19 34 24
86 94 18 33 25
86 94 18 33 25
86 95 17 33 25
87 94 17 33 25
84 96 19 33 24
84 95 19 34 24
85 95 18 33 25
83 95 20 34 24
84 95 20 34 23
85 94 19 34 24
84 94 20 34 24
84 93 21 35 23
85 93 20 34 24
83 93 22 35 23
84 93 21 35 23
83 92 23 35 23
82 93 23 35 23
84 91 22 36 23
85 91 21 35 24
82 92 24 36 22
84 91 23 36 22
86 90 21 35 24
86 90 22 36 22
85 91 22 35 23
84 91 23 36 22
83 92 24 36 21
84 92 21 36 23
83 93 22 35 23
83 93 22 35 23
85 93 20 34 24
85 93 19 34 25
84 94 20 34 24
84 95 20 34 23
85 95 19 33 24
84 96 20 33 23
83 96 20 33 24
85 94 18 34 25
86 93 18 34 25
87 93 17 34 25
86 92 19 34 25
86 90 21 35 24
85 91 21 35 24
88 91 19 34 24
86 91 21 35 23
86 92 19 35 24
87 93 18 34 24
86 94 19 33 24
84 95 18 34 25
87 94 17 33 25
87 94 17 33 25
85 95 19 33 24
85 94 19 34 24
85 93 20 34 24
84 93 20 35 24
85 92 20 35 24
85 92 21 35 23
86 92 19 35 24
85 93 20 34 24
84 95 19 34 24
85 94 19 34 24
87 94 17 33 25
85 95 18 33 25
86 95 17 33 25
86 94 18 33 25
87 93 18 33 25
87 93 17 34 25
85 93 20 34 24
87 92 18 34 25
86 92 19 35 24
86 92 20 34 24
87 91 19 35 24
85 92 21 35 23
87 91 19 35 24
89 90 18 34 25
88 90 19 35 24
87 91 20 35 23
86 91 20 35 24
86 91 20 35 24
87 92 18 34 25
86 93 19 34 24
87 92 19 34 24
86 94 18 34 24
85 95 19 33 24
85 95 18 33 25
82 96 21 34 23
84 94 20 34 24
84 94 18 34 26
82 95 21 35 23
82 94 23 35 22
84 94 20 34 24
87 92 18 34 25
84 93 22 35 22
84 92 21 35 24
83 93 22 35 23
84 93 22 35 22
85 92 21 35 23
84 93 21 35 23
87 92 19 34 24
83 94 21 35 23
83 94 21 35 23
83 94 22 34 23
85 94 20 34 23
85 94 20 34 23
85 94 19 34 24
83 95 21 34 23
84 95 19 34 24
83 95 20 34 24
85 95 18 33 25
83 96 20 33 24
87 94 18 33 24
85 94 19 34 24
85 94 18 34 25
84 94 20 34 24
85 92 20 35 24
85 92 21 35 23
86 91 20 35 24
85 92 21 35 23
85 93 20 34 24
86 93 18 34 25
88 93 17 33 25
84 95 19 34 24
86 94 18 34 24
85 94 18 34 25
85 95 17 33 26
85 95 18 33 25
83 96 19 33 25
84 95 18 34 25
86 94 18 34 24
84 94 19 34 25
86 93 19 34 24
87 92 18 34 25
86 93 19 34 24
86 93 19 34 24
87 92 18 34 25
85 94 20 34 23
86 93 18 34 25
84 95 20 34 23
84 95 18 34 25
85 95 18 33 25
87 94 17 33 25
86 93 18 34 25
84 94 20 34 24
86 93 19 34 24
87 93 19 33 24
88 92 17 34 25
85 93 19 35 24
86 93 18 34 25
87 93 18 34 24
86 94 19 33 24
85 94 18 34 25
87 93 17 33 26
87 94 16 33 26
84 96 19 33 24
83 96 19 34 24
84 95 19 34 24
84 95 20 34 23
84 95 19 34 24
84 95 20 34 23
83 95 21 34 23
84 94 20 34 24
83 95 21 34 23
85 94 20 34 23
86 93 19 34 24
85 94 19 34 24
84 94 20 34 24
82 94 22 35 23
84 94 20 34 24
85 94 19 34 24
84 94 21 34 23
83 95 21 34 23
84 94 20 34 24
83 95 21 34 23
84 95 19 34 24
85 95 19 33 24
85 94 19 34 24
83 96 21 33 23
83 96 19 34 24
85 95 19 33 24
85 95 18 33 25
86 94 18 33 25
85 94 19 34 24
87 93 18 34 24
86 93 19 34 24
84 94 20 34 24
86 93 18 34 25
84 94 20 34 24
87 94 18 33 24
84 95 19 34 24
87 94 17 33 25
87 94 17 33 25
85 95 18 33 25
85 94 19 34 24
85 95 19 33 24
86 93 19 34 24
84 94 20 34 24
86 94 18 33 25
86 94 18 33 25
85 95 19 33 24
86 95 18 33 24
87 94 17 33 25
86 94 18 33 25
87 94 18 33 24
86 94 18 33 25
86 94 18 33 25
87 93 18 33 25
88 92 18 34 24
86 93 18 34 25
85 94 18 34 25
85 94 18 34 25
86 94 18 33 25
88 93 17 33 25
87 94 18 33 24
87 93 18 33 25
88 93 17 33 25
86 93 18 34 25
86 94 18 33 25
85 95 18 33 25
84 95 19 34 24
86 94 18 33 25
84 95 19 34 24
83 95 20 34 24
84 95 19 34 24
85 94 19 34 24
84 95 19 34 24
83 95 21 34 23
84 95 19 34 24
83 95 20 34 24
84 95 20 34 23
85 94 19 34 24
84 95 20 34 23
85 95 19 33 24
84 95 19 34 24
84 95 20 34 23
82 96 21 34 23
84 95 19 34 24
85 95 18 33 25
86 95 17 33 25
85 95 18 33 25
84 95 19 34 24
84 95 19 34 24
85 95 18 33 25
86 94 18 33 25
85 94 19 34 24
85 94 19 34 24
86 94 18 33 25
87 94 17 33 25
86 94 18 34 24
84 95 20 33 24
83 95 20 34 24
84 96 19 33 24
85 95 18 33 25
86 94 18 33 25
85 95 19 33 24
85 94 19 34 24
85 94 19 34 24
86 94 18 33 25
85 94 19 34 24
85 95 18 34 24
85 95 18 33 25
86 95 17 33 25
86 95 17 33 25
86 94 18 33 25
86 94 18 34 24
87 93 18 34 24
86 94 18 34 24
86 94 18 33 25
86 94 18 33 25
85 95 18 33 25
87 94 16 33 26
86 95 17 33 25
86 94 18 33 25
85 95 19 33 24
85 95 19 33 24
86 94 18 34 24
85 95 18 33 25
85 95 19 33 24
84 96 19 33 24
84 95 20 33 24
86 94 18 33 25
85 95 18 33 25
85 95 18 33 25
85 95 18 33 25
85 95 19 34 23
85 95 19 33 24
86 95 18 33 24
87 94 17 33 25
85 95 18 33 25
86 95 18 33 24
87 94 17 33 25
86 94 18 34 24
84 95 19 34 24
87 94 17 33 25
88 94 16 33 25
86 94 18 33 25
