93 93 16 31 23
87 95 18 32 24
82 97 20 33 24
83 96 21 33 23
84 96 19 33 24
83 96 20 33 24
84 95 20 33 24
82 97 21 33 23
81 97 21 34 23
82 96 21 34 23
82 97 21 34 22
83 96 21 33 23
82 96 21 34 23
83 96 20 34 23
82 96 21 34 23
83 96 20 33 24
81 97 21 34 23
80 98 21 34 23
80 98 22 34 22
82 97 21 33 23
81 97 22 34 22
81 97 22 34 22
78 99 22 34 23
79 98 23 34 22
81 97 22 34 22
80 98 21 34 23
82 96 20 34 24
83 96 20 34 23
81 97 22 34 22
83 96 20 34 23
82 96 21 34 23
82 96 22 34 22
84 95 20 34 23
80 97 23 34 22
81 96 22 34 23
84 95 21 34 22
83 96 21 33 23
83 96 21 34 22
82 96 22 34 22
83 96 21 34 22
84 95 20 34 23
81 97 21 34 23
83 96 19 34 24
84 96 19 33 24
81 97 21 34 23
81 97 22 34 22
82 96 21 34 23
83 95 21 34 23
81 97 22 34 22
84 95 19 34 24
83 95 21 34 23
83 95 21 34 23
82 96 20 34 24
82 96 21 34 23
81 97 21 34 23
81 97 20 34 24
81 97 22 34 22
81 97 21 34 23
81 97 22 33 23
79 98 23 34 22
82 96 22 34 22
82 96 22 34 22
82 96 22 34 22
81 97 21 34 23
81 97 22 34 22
82 96 20 34 24
82 97 20 33 24
81 97 21 34 23
79 99 22 33 23
80 97 22 34 23
80 97 22 34 23
78 99 24 34 21
81 96 22 34 23
81 97 22 34 22
82 96 22 34 22
80 98 22 34 22
80 98 22 34 22
80 99 21 33 23
79 98 24 34 21
80 98 22 34 22
82 96 20 34 24
81 97 21 34 23
81 97 22 34 22
83 96 20 34 23
83 96 20 34 23
83 95 21 34 23
84 95 20 34 23
83 95 21 34 23
84 94 20 34 24
82 95 22 34 23
83 95 20 34 24
83 95 22 34 22
81 96 23 35 21
82 96 21 34 23
83 95 21 34 23
81 97 22 34 22
83 96 20 34 23
82 96 21 34 23
82 96 21 34 23
83 96 20 34 23
82 96 20 34 24
82 96 22 34 22
83 95 21 34 23
79 97 24 34 22
80 97 23 34 22
81 96 22 34 23
81 96 23 34 22
80 97 23 34 22
83 95 21 34 23
83 96 20 34 23
82 96 21 34 23
80 97 23 34 22
82 95 22 34 23
83 95 21 34 23
83 95 21 34 23
82 95 22 34 23
81 96 23 34 22
82 96 22 34 22
80 97 23 34 22
83 95 22 34 22
81 96 22 35 22
80 97 23 34 22
81 96 23 34 22
82 95 22 34 23
79 98 23 34 22
79 98 23 34 22
80 97 22 34 23
80 97 22 34 23
81 96 22 34 23
80 97 23 34 22
80 96 23 35 22
81 96 23 34 22
78 98 24 34 22
80 96 24 35 21
79 97 24 35 21
79 98 24 34 21
80 97 23 34 22
81 96 23 34 22
80 97 23 34 22
81 97 22 34 22
81 97 21 34 23
82 96 21 34 23
79 98 23 34 22
80 97 22 34 23
83 96 20 34 23
82 96 21 34 23
83 96 20 34 23
83 95 21 34 23
84 95 19 34 24
83 95 21 34 23
83 95 21 34 23
83 95 21 34 23
83 95 21 34 23
81 96 23 34 22
80 96 23 35 22
82 94 22 35 23
82 95 22 35 22
83 94 22 35 22
80 96 23 35 22
81 95 23 35 22
82 95 21 35 23
79 96 25 35 21
81 95 23 35 22
82 95 22 35 22
81 95 23 35 22
80 96 23 35 22
83 95 22 34 22
82 95 22 34 23
82 96 21 34 23
81 96 22 34 23
83 95 21 34 23
84 95 20 33 24
83 95 21 34 23
83 96 20 34 23
82 96 20 34 24
82 96 21 34 23
82 96 22 34 22
81 96 22 35 22
81 96 22 34 23
79 96 26 35 20
80 95 24 35 22
80 96 23 35 22
79 97 24 35 21
81 96 22 35 22
81 97 22 34 22
81 97 21 34 23
84 95 19 34 24
82 96 21 34 23
81 96 22 35 22
82 95 22 34 23
80 96 23 35 22
78 97 25 35 21
80 95 25 35 21
78 96 25 36 21
79 96 25 35 21
79 96 26 35 20
80 96 24 35 21
82 95 22 35 22
80 96 22 35 23
80 96 23 35 22
81 96 23 34 22
80 97 22 34 23
81 97 21 34 23
81 97 21 34 23
81 96 22 34 23
78 97 25 35 21
78 97 25 35 21
80 96 23 35 22
77 97 26 35 21
78 97 25 35 21
78 96 26 35 21
78 97 25 35 21
78 97 25 35 21
78 98 24 34 22
79 98 23 34 22
81 97 23 34 21
81 96 22 34 23
80 97 23 34 22
83 96 20 33 24
84 95 19 34 24
82 97 21 33 23
84 95 20 33 24
82 96 22 34 22
83 95 21 34 23
82 95 22 34 23
83 95 21 34 23
81 95 23 35 22
81 95 23 35 22
82 95 23 34 22
80 95 25 35 21
81 95 23 35 22
79 96 25 35 21
81 94 24 36 21
79 95 26 36 20
80 94 25 36 21
80 94 25 36 21
79 95 25 36 21
79 95 26 36 20
78 96 26 36 20
82 93 23 35 23
80 94 25 36 21
81 95 23 35 22
79 97 24 35 21
79 97 24 35 21
82 95 21 35 23
80 97 23 34 22
81 96 22 34 23
81 96 22 34 23
81 97 22 34 22
84 95 20 34 23
81 97 21 34 23
83 96 20 34 23
83 96 21 33 23
83 96 20 34 23
83 95 21 34 23
83 95 21 34 23
82 95 22 34 23
80 94 24 36 22
80 94 25 36 21
79 97 23 35 22
83 95 21 34 23
82 96 21 34 23
83 96 20 33 24
81 96 23 34 22
81 96 22 34 23
79 96 24 35 22
81 95 23 35 22
80 95 25 35 21
79 94 26 36 21
77 96 27 36 20
80 94 25 36 21
79 94 26 37 20
76 96 29 36 19
78 95 27 36 20
76 97 28 36 19
78 95 27 36 20
77 97 26 36 20
79 96 25 35 21
78 97 24 35 22
78 98 24 35 21
81 96 22 34 23
82 96 22 34 22
80 98 22 34 22
81 97 22 34 22
80 97 23 34 22
81 97 21 34 23
80 96 23 35 22
79 96 25 35 21
78 96 26 36 20
77 96 27 36 20
77 96 27 36 20
76 96 28 37 19
75 96 29 37 19
75 97 29 37 18
78 95 26 36 21
79 95 26 36 20
76 98 27 36 19
78 97 24 35 22
80 97 22 34 23
80 97 23 34 22
79 98 22 34 23
78 98 24 35 21
83 96 19 34 24
84 95 20 34 23
84 95 20 34 23
83 95 21 34 23
82 96 22 34 22
83 95 21 34 23
84 94 21 34 23
82 95 22 35 22
82 95 22 35 22
80 95 25 35 21
79 94 26 36 21
78 95 27 36 20
79 94 26 36 21
76 95 29 37 19
78 94 27 37 20
76 95 30 37 18
78 93 29 37 19
77 93 29 37 20
80 92 27 37 20
75 96 30 37 18
77 94 28 37 20
74 96 32 37 17
74 96 32 37 17
78 94 28 37 19
76 95 29 37 19
75 96 29 37 19
77 95 28 36 20
76 96 28 37 19
77 96 28 36 19
79 96 25 35 21
81 94 24 36 21
82 94 24 35 21
82 95 22 35 22
80 96 23 35 22
82 95 22 35 22
81 96 23 34 22
80 97 23 34 22
81 96 23 34 22
82 96 22 34 22
84 95 20 34 23
84 95 20 34 23
81 97 20 34 24
83 96 20 34 23
83 95 21 34 23
83 95 21 34 23
81 95 23 35 22
81 96 22 34 23
82 96 21 34 23
83 96 20 33 24
82 96 21 34 23
82 97 20 33 24
82 96 22 34 22
80 95 24 35 22
79 95 25 36 21
79 96 25 35 21
76 95 29 37 19
77 94 30 37 18
75 94 32 38 17
73 96 33 38 16
75 95 31 38 17
75 96 30 37 18
78 96 27 36 19
76 97 28 36 19
80 96 23 35 22
82 96 21 34 23
82 97 21 33 23
80 98 21 34 23
81 97 21 34 23
81 96 22 34 23
79 97 24 34 22
75 96 29 37 19
73 97 32 37 17
74 95 32 38 17
72 97 33 38 16
73 97 32 37 17
73 99 31 36 17
74 98 30 37 17
80 95 25 35 21
78 98 24 34 22
79 97 24 34 22
80 97 23 34 22
81 97 22 34 22
80 96 23 35 22
78 96 26 35 21
79 97 24 35 21
81 97 21 34 23
82 96 21 34 23
83 95 22 34 22
81 96 22 34 23
81 96 22 34 23
83 94 22 35 22
80 95 25 35 21
79 96 26 35 20
80 94 25 36 21
79 94 27 36 20
76 96 29 37 18
75 96 30 37 18
77 94 29 37 19
76 94 31 38 17
76 93 33 38 16
75 94 32 38 17
77 92 32 38 17
73 96 34 38 15
71 97 37 38 13
73 95 37 39 12
75 93 36 39 13
74 95 35 38 14
76 92 32 39 17
72 96 35 38 15
74 96 30 37 19
74 95 34 38 15
75 95 33 38 15
77 94 30 37 18
75 95 31 37 18
75 96 30 37 18
76 95 29 37 19
76 96 28 37 19
77 96 27 36 20
75 98 28 36 19
80 95 24 36 21
82 95 23 34 22
82 96 21 34 23
80 96 23 35 22
83 95 21 34 23
84 95 20 34 23
84 95 20 34 23
82 96 21 34 23
83 95 21 34 23
82 96 22 34 22
79 96 25 35 21
81 95 24 35 21
79 94 26 36 21
77 95 27 37 20
76 97 28 36 19
81 94 24 35 22
79 97 23 35 22
81 96 22 34 23
82 96 22 34 22
84 95 20 34 23
81 96 22 35 22
82 96 22 34 22
80 96 24 35 21
78 96 27 36 19
74 97 31 37 17
72 96 35 38 15
73 95 36 38 14
71 98 37 38 12
73 96 34 38 15
73 97 32 37 17
74 98 29 36 19
80 96 24 35 21
81 96 22 35 22
80 97 24 34 21
79 98 23 34 22
81 97 22 34 22
81 97 22 34 22
79 97 23 35 22
78 96 26 35 21
77 96 26 36 21
74 97 30 37 18
72 96 34 38 16
69 100 42 38 7
72 97 40 38 9
73 96 41 38 8
72 96 40 39 9
74 95 32 38 17
73 99 31 36 17
78 96 27 36 19
78 97 24 35 22
81 97 22 34 22
83 96 20 34 23
82 96 22 34 22
72 96 38 39 11
69 99 39 38 11
73 97 32 37 17
81 97 21 33 24
85 94 20 34 23
83 95 21 34 23
82 96 21 34 23
82 95 21 35 23
82 95 22 35 22
84 94 21 34 23
82 94 23 35 22
80 94 26 36 20
76 96 29 37 18
77 95 29 37 18
74 95 32 38 17
72 96 34 38 16
73 94 34 39 16
72 96 37 38 13
73 96 41 38 8
73 96 42 38 7
73 98 44 37 4
75 94 43 38 6
76 92 42 39 7
74 95 43 38 6
75 93 41 39 8
72 96 41 39 8
75 93 37 39 12
77 92 33 38 16
73 96 35 38 14
75 95 30 38 18
77 95 28 37 19
80 93 25 37 21
80 95 24 35 22
81 95 23 35 22
79 97 24 35 21
84 95 21 33 23
82 96 22 34 22
83 96 20 34 23
84 95 20 33 24
84 95 20 34 23
84 95 21 33 23
82 96 22 34 22
82 94 23 35 22
82 94 23 35 22
79 95 25 36 21
78 95 27 36 20
76 94 30 37 19
70 100 44 37 5
73 97 42 37 7
75 95 41 38 7
72 98 43 38 5
76 92 35 39 14
75 96 31 37 17
79 94 26 36 21
78 96 25 36 21
79 95 25 35 22
79 96 25 35 21
82 96 22 34 22
83 95 21 34 23
80 98 22 34 22
80 97 23 34 22
81 95 23 35 22
79 95 26 36 20
72 96 35 39 14
74 96 43 37 6
71 100 43 37 5
72 97 41 38 8
74 96 43 38 5
74 95 41 38 8
71 97 36 38 14
77 96 27 36 20
79 96 24 35 22
80 97 23 34 22
82 97 21 33 23
82 96 21 34 23
82 96 21 34 23
79 98 23 34 22
77 97 26 36 20
77 96 28 36 19
75 96 30 37 18
71 98 35 38 14
70 98 38 38 12
71 98 42 38 7
71 101 45 36 3
70 101 45 37 3
72 97 35 38 14
76 95 30 37 18
76 96 29 37 18
77 97 27 35 20
80 97 23 34 22
81 96 22 34 23
81 97 21 34 23
81 95 22 35 23
73 95 40 39 9
78 97 25 35 21
83 97 19 33 24
85 94 19 34 24
83 96 21 34 22
81 96 23 34 22
82 96 22 34 22
82 94 22 35 23
80 95 25 35 21
81 93 25 36 21
77 94 28 37 20
76 93 32 38 17
73 95 36 38 14
70 99 40 38 9
74 94 42 39 7
84 85 32 40 15
90 91 15 33 27
78 90 37 40 11
77 92 41 39 7
73 95 40 39 9
74 93 36 39 14
76 93 33 39 15
79 93 27 37 20
80 94 25 36 21
79 95 24 36 22
82 94 23 35 22
81 96 23 34 22
81 96 22 34 23
82 96 20 33 25
83 95 21 34 23
84 96 20 33 23
81 97 21 34 23
81 95 23 35 22
80 96 23 35 22
80 95 24 35 22
80 93 25 37 21
76 95 28 37 20
74 97 30 37 18
75 94 32 38 17
76 93 32 38 17
77 94 29 37 19
77 94 28 37 20
80 93 25 37 21
79 96 25 35 21
81 95 24 35 21
81 96 23 34 22
82 96 21 34 23
82 96 21 34 23
81 97 21 34 23
82 96 21 34 23
84 95 20 34 23
81 96 23 34 22
82 94 23 35 22
80 95 25 36 20
70 100 43 37 6
72 97 44 38 5
83 94 21 34 24
75 95 43 38 5
74 94 42 39 7
79 95 25 35 22
81 95 24 35 21
80 97 23 34 22
82 96 21 34 23
81 97 21 34 23
82 97 20 34 23
83 96 20 34 23
81 97 22 34 22
82 96 22 34 22
78 97 25 35 21
78 97 26 35 20
78 95 27 36 20
74 96 31 37 18
71 98 35 38 14
73 95 37 39 12
68 103 45 36 4
72 98 42 38 6
74 94 37 39 12
73 96 34 38 15
76 94 30 38 18
77 96 27 36 20
79 96 25 35 21
79 97 24 35 21
80 97 22 34 23
81 97 21 34 23
73 97 31 37 18
75 96 31 37 17
83 96 20 34 23
82 96 21 34 23
83 95 20 34 24
82 96 22 34 22
82 96 22 34 22
84 94 21 34 23
84 94 21 34 23
81 95 24 35 21
79 95 24 36 22
79 95 25 36 21
77 94 28 37 20
73 96 32 38 17
75 93 32 39 17
74 94 38 39 11
73 96 43 38 6
73 96 41 38 8
74 95 40 38 9
75 93 33 39 16
75 94 32 38 17
78 93 28 38 19
79 94 26 36 21
78 95 27 36 20
78 96 25 36 21
80 95 23 35 23
81 96 22 34 23
81 96 22 34 23
82 96 21 34 23
83 96 20 34 23
82 97 21 33 23
83 96 20 34 23
83 96 20 34 23
83 95 22 34 22
80 96 23 35 22
79 94 26 36 21
76 95 29 37 19
73 94 34 39 16
70 100 44 37 5
71 98 43 38 6
76 92 34 39 15
77 94 28 37 20
77 95 27 37 20
79 97 23 35 22
80 97 23 35 21
83 96 20 33 24
81 97 21 34 23
82 96 21 34 23
82 96 21 34 23
81 95 23 35 22
82 94 23 35 22
79 96 25 35 21
72 96 42 38 8
71 99 44 37 5
74 95 44 38 5
72 96 40 39 9
77 96 26 36 21
79 96 24 35 22
78 98 25 34 21
82 96 20 34 24
80 97 23 34 22
81 97 21 34 23
81 97 22 34 22
80 97 22 34 23
82 96 21 34 23
80 95 25 35 21
76 97 26 36 21
74 97 30 37 18
74 95 33 38 16
71 97 38 38 12
69 100 43 38 6
71 98 43 38 6
72 96 38 38 12
74 95 32 38 17
75 96 29 37 19
76 96 28 36 20
76 98 27 36 19
80 97 23 34 22
80 97 22 34 23
80 98 22 34 22
80 98 22 34 22
81 97 20 34 24
82 96 21 34 23
81 97 22 34 22
82 96 21 34 23
81 96 22 34 23
80 96 24 35 21
80 96 23 35 22
79 96 25 35 21
78 96 26 35 21
76 96 29 36 19
70 100 38 37 11
72 98 41 38 7
71 98 42 38 7
70 98 44 38 6
69 99 42 38 8
68 100 39 38 11
73 96 33 38 16
74 97 31 37 17
75 97 30 36 18
77 96 27 36 20
78 97 26 35 20
80 96 23 35 22
79 97 24 35 21
80 96 23 35 22
80 97 23 34 22
80 97 23 34 22
82 96 21 34 23
81 97 22 34 22
80 98 21 34 23
83 96 20 33 24
83 95 21 34 23
80 95 24 35 22
79 94 27 36 20
72 96 35 38 15
74 94 43 39 6
72 97 44 38 5
71 98 38 38 11
78 94 26 37 21
81 95 23 35 22
83 95 21 34 23
82 96 20 34 24
82 96 20 34 24
83 95 21 34 23
79 95 26 36 20
71 97 41 38 9
73 98 42 37 6
71 99 42 38 6
70 98 41 39 8
74 95 33 38 16
76 95 30 37 18
77 96 28 36 19
82 96 22 34 22
81 97 22 34 22
83 96 19 34 24
84 95 20 34 23
82 96 22 34 22
83 95 21 34 23
81 95 22 35 23
80 95 25 35 21
79 94 26 36 21
74 94 34 38 16
75 94 41 39 7
73 96 42 39 6
72 95 36 39 14
77 94 30 37 18
78 94 26 37 21
80 95 24 35 22
82 94 23 35 22
82 95 22 35 22
81 96 22 34 23
84 95 20 34 23
83 96 20 34 23
81 97 21 34 23
81 97 21 34 23
81 97 22 34 22
79 98 23 34 22
80 96 22 35 23
79 97 24 35 21
79 97 24 35 21
79 96 25 35 21
81 94 24 35 22
78 95 27 36 20
75 96 30 37 18
73 97 35 37 14
74 93 37 39 13
74 94 41 39 8
72 97 42 38 7
69 102 43 37 5
71 98 42 38 7
72 97 38 38 11
72 97 35 38 14
73 97 32 37 17
76 96 28 36 20
77 97 27 35 20
78 96 25 36 21
79 96 25 35 21
80 96 23 35 22
81 96 23 34 22
80 97 23 34 22
81 96 22 34 23
81 98 21 33 23
81 97 22 33 23
84 96 20 33 23
82 96 21 34 23
81 96 22 34 23
81 95 24 35 21
80 94 26 36 20
76 95 30 37 18
76 93 41 39 7
72 97 44 38 5
74 96 32 37 17
79 94 26 36 21
80 95 24 35 22
82 95 22 34 23
82 96 21 33 24
82 97 21 34 22
81 96 23 34 22
79 96 25 35 21
82 94 23 35 22
78 94 28 37 19
76 95 29 37 19
76 93 32 38 17
74 94 35 38 15
79 89 36 40 12
73 95 37 38 13
75 93 33 39 16
76 94 30 38 18
76 95 29 37 19
78 95 26 36 21
79 96 25 35 21
82 95 22 34 23
82 96 21 34 23
84 95 20 33 24
82 96 21 34 23
82 96 21 34 23
82 93 24 36 21
76 93 32 38 17
74 94 38 39 11
76 91 42 40 7
81 86 30 41 18
73 96 44 38 5
71 97 42 38 8
75 93 33 39 16
80 94 25 36 21
83 95 21 34 23
82 96 21 34 23
83 95 21 34 23
81 97 22 34 22
84 96 20 33 23
81 95 24 34 22
79 93 27 37 20
81 95 21 35 24
77 94 29 37 19
81 95 23 35 22
83 96 20 33 24
81 97 21 34 23
81 97 22 34 22
81 97 22 34 22
80 97 23 34 22
79 97 24 35 21
80 96 24 35 21
79 95 26 36 20
79 95 25 36 21
76 96 28 37 19
75 96 30 37 18
75 94 32 38 17
77 92 32 38 17
72 95 36 39 14
70 101 45 37 3
73 97 42 38 6
68 104 45 36 3
0 0 0 0 0
71 99 42 38 6
69 101 41 37 8
74 95 34 38 15
74 95 34 38 15
75 96 31 37 17
75 96 28 37 20
78 95 26 36 21
78 96 26 36 20
78 97 26 35 20
80 97 23 34 22
81 97 22 34 22
81 97 22 34 22
81 97 22 34 22
81 97 21 34 23
82 95 22 34 23
80 96 23 35 22
82 94 23 35 22
82 94 23 35 22
78 93 29 37 19
75 93 33 39 16
75 94 38 39 10
75 94 42 38 7
70 100 43 37 6
72 97 42 38 7
72 97 42 38 7
71 100 41 37 7
69 102 45 37 3
77 93 30 38 18
80 95 25 35 21
80 96 23 35 22
79 96 25 35 21
82 95 22 34 23
83 96 19 34 24
82 96 21 34 23
81 97 22 34 22
81 97 22 33 23
82 95 22 34 23
80 94 25 36 21
79 95 26 36 20
77 95 28 36 20
78 92 30 38 18
75 93 35 39 14
75 94 39 39 9
72 97 43 38 6
73 97 43 38 5
68 102 42 37 7
73 95 40 39 9
71 97 37 38 13
76 93 33 38 16
76 96 29 36 19
78 94 28 37 19
78 95 26 36 21
80 96 23 35 22
82 96 22 34 22
82 96 22 34 22
84 95 20 34 23
82 97 20 34 23
83 96 20 34 23
82 95 22 34 23
83 94 22 34 23
78 95 27 36 20
81 92 26 37 20
77 92 32 38 17
75 93 41 39 8
76 94 43 38 5
74 95 43 38 6
71 97 41 39 8
73 96 32 38 17
78 93 30 37 18
79 94 27 36 20
81 95 23 35 22
83 95 21 34 23
83 95 21 34 23
83 93 22 35 23
81 94 24 35 22
81 97 22 34 22
82 96 21 34 23
81 97 23 34 21
81 96 23 34 22
80 97 24 34 21
79 97 24 35 21
79 96 25 35 21
78 96 26 36 20
79 95 26 36 20
77 95 28 37 19
77 94 29 37 19
75 94 32 38 17
76 92 32 39 17
74 94 38 39 11
73 96 41 38 8
73 95 40 39 9
72 97 41 38 8
72 97 41 38 8
71 96 39 39 11
73 95 34 38 16
74 95 34 38 15
75 95 31 37 18
74 97 31 37 17
74 98 29 36 19
76 97 28 36 19
79 96 25 35 21
78 97 26 35 20
80 96 24 35 21
80 96 24 35 21
80 97 23 34 22
79 98 23 34 22
81 97 22 34 22
81 97 21 34 23
83 95 21 34 23
82 95 22 34 23
81 95 23 35 22
80 94 25 36 21
80 93 25 36 22
78 93 28 37 20
79 93 28 36 20
79 91 30 38 18
74 93 35 39 15
78 91 31 39 17
72 95 37 39 13
74 94 34 38 16
76 93 32 38 17
78 94 28 37 19
77 96 28 36 19
79 96 25 35 21
81 96 22 34 23
81 96 22 34 23
83 96 21 33 23
83 96 20 34 23
82 96 21 34 23
81 96 23 34 22
79 96 25 35 21
80 95 24 35 22
79 92 28 37 20
77 92 31 38 18
76 92 32 39 17
74 94 34 38 16
72 96 37 38 13
74 93 37 39 13
74 93 36 39 14
71 96 38 39 12
74 94 34 39 15
75 93 33 39 16
73 96 34 38 15
77 94 30 37 18
76 95 30 37 18
78 96 26 36 20
79 96 26 35 20
81 96 22 34 23
80 97 23 34 22
83 96 20 33 24
82 96 20 34 24
84 95 20 33 24
83 95 21 34 23
82 94 22 35 23
81 93 24 36 22
81 93 25 36 21
80 92 27 37 20
79 92 29 37 19
78 94 28 36 20
79 95 26 36 20
80 96 23 35 22
82 95 22 34 23
83 95 20 34 24
84 95 20 34 23
82 96 21 34 23
79 98 22 34 23
78 99 23 34 22
81 97 22 34 22
79 98 24 34 21
80 97 23 34 22
79 98 24 34 21
79 96 24 35 22
78 96 26 36 20
80 94 25 36 21
78 95 27 36 20
75 96 30 37 18
76 94 30 37 19
75 95 30 37 19
78 93 29 38 18
77 94 30 37 18
73 96 33 38 16
75 95 32 38 16
74 95 33 38 16
74 95 33 38 16
74 96 32 38 16
75 95 32 37 17
73 97 33 37 16
76 95 30 37 18
75 96 29 37 19
75 97 29 37 18
77 96 28 36 19
79 95 26 36 20
78 96 26 35 21
79 96 24 35 22
79 97 24 35 21
79 97 24 35 21
80 97 22 34 23
82 96 21 34 23
79 98 23 34 22
80 98 21 34 23
81 97 20 34 24
81 97 22 34 22
82 96 22 34 22
80 96 23 35 22
80 96 24 35 21
79 96 26 35 20
80 94 26 36 20
80 94 25 36 21
78 93 29 37 19
78 94 29 37 18
79 94 26 36 21
79 95 26 36 20
80 95 24 35 22
81 95 24 35 21
80 96 24 34 22
82 95 22 34 23
83 95 20 34 24
81 97 21 34 23
79 98 22 34 23
82 96 21 34 23
81 97 22 34 22
80 97 23 34 22
80 96 24 35 21
80 94 25 36 21
79 94 26 36 21
78 95 27 36 20
79 93 27 37 20
79 93 28 37 19
77 94 29 37 19
80 93 27 37 19
77 94 29 37 19
76 95 29 37 19
80 93 26 36 21
78 94 27 37 20
80 95 24 35 22
80 96 23 35 22
82 96 21 34 23
82 96 21 34 23
81 97 20 34 24
82 96 21 34 23
82 96 21 34 23
82 95 22 34 23
81 95 24 35 21
83 93 22 35 23
80 94 25 36 21
80 92 26 37 21
78 94 27 37 20
79 95 26 36 20
81 95 24 35 21
82 94 22 35 23
83 94 21 35 23
82 96 22 34 22
84 95 20 34 23
81 97 20 34 24
82 97 19 34 24
80 98 22 34 22
78 99 24 34 21
80 97 22 34 23
81 97 22 34 22
81 96 22 34 23
79 98 24 34 21
78 97 26 35 20
79 96 25 35 21
80 95 24 35 22
80 95 24 35 22
79 95 25 36 21
78 95 27 36 20
77 96 27 36 20
78 95 27 36 20
75 96 29 37 19
76 96 28 37 19
76 97 27 36 20
75 97 30 36 18
78 95 26 36 21
77 96 27 36 20
78 96 26 36 20
78 96 27 36 19
78 96 26 36 20
78 97 26 35 20
78 97 26 35 20
78 97 26 35 20
76 99 25 35 21
75 101 26 34 20
77 99 25 34 21
76 100 25 34 21
80 97 22 34 23
79 99 22 33 23
80 98 22 34 22
84 95 20 34 23
82 96 22 34 22
80 97 23 34 22
81 96 22 35 22
82 94 23 35 22
81 93 25 36 21
78 95 26 36 21
78 95 28 36 19
80 94 25 36 21
80 95 24 35 22
81 95 22 35 23
79 98 24 34 21
79 98 24 34 21
80 98 21 34 23
82 97 20 34 23
81 97 20 34 24
83 95 21 34 23
81 96 23 34 22
79 97 24 35 21
80 95 24 35 22
80 95 25 35 21
80 95 25 35 21
79 96 25 35 21
80 96 23 35 22
78 99 24 34 21
78 99 24 34 21
82 96 21 34 23
83 96 20 33 24
81 97 21 34 23
80 98 21 34 23
83 95 21 34 23
82 95 22 35 22
81 96 23 34 22
82 95 22 34 23
83 94 22 34 23
82 94 23 35 22
79 95 26 36 20
81 94 23 35 23
78 95 26 36 21
79 94 26 36 21
80 94 26 36 20
78 96 27 36 19
81 94 24 35 22
79 95 25 36 21
81 94 24 35 22
82 95 22 35 22
80 96 24 35 21
83 95 22 34 22
79 98 25 34 20
79 98 23 34 22
81 97 22 34 22
81 97 20 34 24
82 96 22 34 22
82 96 21 34 23
79 98 24 34 21
80 96 23 35 22
81 96 23 34 22
83 95 21 34 23
81 95 23 35 22
78 97 25 35 21
80 96 23 35 22
79 96 24 35 22
77 97 26 35 21
77 97 27 35 20
77 97 27 35 20
76 98 27 35 20
78 97 24 35 22
79 96 24 35 22
82 94 23 35 22
80 96 24 35 21
79 96 25 35 21
79 97 24 35 21
80 96 23 35 22
78 98 24 35 21
76 99 26 35 20
77 99 25 34 21
78 99 24 34 21
78 99 22 34 23
83 96 21 33 23
81 97 21 34 23
80 97 23 34 22
82 96 21 34 23
83 94 21 35 23
81 95 23 35 22
77 98 26 35 20
79 96 25 35 21
80 95 24 35 22
79 96 24 35 22
81 95 23 35 22
81 95 23 35 22
80 97 23 34 22
78 99 24 34 21
80 97 23 34 22
79 98 23 34 22
81 97 21 34 23
83 96 20 34 23
81 97 22 34 22
82 96 22 34 22
83 95 21 34 23
80 96 23 35 22
79 96 25 35 21
79 96 25 35 21
78 97 24 35 22
83 94 22 35 22
81 95 24 35 21
80 96 23 35 22
78 98 24 34 22
79 98 23 34 22
79 98 23 34 22
80 98 21 33 24
78 99 22 34 23
82 96 21 34 23
83 95 21 34 23
82 95 22 34 23
80 96 23 35 22
81 95 22 35 23
81 96 23 34 22
80 96 24 35 21
82 95 22 35 22
80 97 23 34 22
80 97 22 34 23
80 98 22 34 22
84 95 20 34 23
85 94 20 34 23
83 95 21 34 23
78 99 23 34 22
77 100 24 34 21
81 97 21 34 23
80 97 23 34 22
81 97 22 34 22
79 98 23 34 22
78 98 25 34 21
79 98 24 34 21
78 98 25 34 21
79 97 24 35 21
80 96 23 35 22
80 96 24 35 21
79 97 24 35 21
78 97 24 35 22
81 97 22 34 22
79 97 23 35 22
77 98 25 35 21
79 98 23 34 22
80 97 24 34 21
80 97 22 34 23
81 96 23 34 22
78 99 23 34 22
76 100 26 34 20
77 100 23 34 22
78 99 22 34 23
81 97 21 34 23
82 96 22 34 22
80 97 23 34 22
81 96 22 34 23
82 96 22 34 22
81 96 22 35 22
80 97 22 34 23
81 96 23 34 22
79 98 23 34 22
84 95 19 34 24
83 96 19 34 24
82 96 21 34 23
81 97 22 34 22
81 97 21 34 23
80 97 23 34 22
81 96 22 34 23
83 96 21 33 23
83 95 21 34 23
82 96 21 34 23
83 96 21 34 22
82 96 21 34 23
80 97 23 34 22
81 96 23 34 22
83 95 21 34 23
82 95 22 34 23
80 97 22 34 23
81 96 23 34 22
83 95 21 34 23
80 97 22 34 23
79 98 23 34 22
82 96 21 34 23
83 95 21 34 23
82 95 22 34 23
83 95 21 34 23
80 98 21 34 23
79 99 22 34 22
81 97 20 34 24
78 99 23 34 22
81 97 22 34 22
79 98 22 34 23
80 97 23 34 22
80 97 22 34 23
79 98 24 34 21
82 96 22 34 22
80 97 23 34 22
81 96 22 34 23
82 96 22 34 22
80 97 22 34 23
80 97 23 34 22
81 97 22 34 22
80 97 22 34 23
79 98 22 34 23
76 101 25 34 20
78 99 22 34 23
79 98 22 34 23
78 99 23 34 22
79 98 22 34 23
81 97 21 34 23
82 96 21 34 23
81 97 22 34 22
81 97 22 34 22
82 96 21 34 23
83 95 20 34 24
82 96 21 34 23
83 96 21 33 23
81 97 21 34 23
81 97 21 34 23
77 100 24 34 21
83 96 20 33 24
80 97 23 34 22
81 97 22 34 22
82 96 22 34 22
83 95 21 34 23
82 96 21 34 23
83 96 21 33 23
81 97 21 34 23
81 97 20 34 24
84 96 20 33 23
83 96 21 33 23
82 96 21 34 23
84 95 20 34 23
84 95 20 34 23
83 95 20 34 24
83 96 21 33 23
82 96 20 34 24
78 99 23 34 22
82 97 20 33 24
79 99 22 33 23
84 96 20 33 23
82 96 20 34 24
81 97 21 34 23
82 96 20 34 24
78 99 23 34 22
80 98 23 33 22
80 98 23 34 21
79 99 22 34 22
81 97 21 34 23
80 98 21 34 23
77 100 24 34 21
78 99 22 34 23
81 97 22 34 22
80 98 23 34 21
81 97 21 34 23
81 97 22 34 22
83 96 21 33 23
80 98 21 34 23
82 97 19 34 24
81 97 22 34 22
82 96 21 34 23
83 96 21 33 23
83 96 21 33 23
82 97 20 33 24
80 98 22 34 22
82 97 21 33 23
83 97 20 33 23
84 95 20 33 24
84 95 20 33 24
82 97 22 33 22
81 97 21 34 23
82 97 21 33 23
83 96 20 33 24
82 96 22 34 22
82 97 21 33 23
82 97 20 33 24
83 96 21 33 23
83 96 20 34 23
80 98 22 33 23
79 98 23 34 22
80 98 22 34 22
81 97 22 34 22
82 97 21 34 22
83 97 17 33 26
80 98 22 34 22
82 97 18 34 25
80 98 22 34 22
81 97 22 34 22
85 95 19 33 24
82 97 21 33 23
80 98 22 34 22
82 97 21 33 23
80 98 22 34 22
81 97 21 34 23
82 96 21 34 23
80 97 23 34 22
81 97 21 34 23
83 95 20 34 24
81 96 22 34 23
80 97 22 34 23
79 98 23 34 22
81 97 22 34 22
83 96 20 34 23
80 97 23 34 22
81 97 22 33 23
83 96 21 33 23
83 96 20 33 24
81 97 21 34 23
81 97 21 34 23
80 97 23 34 22
81 96 22 34 23
79 98 23 34 22
81 97 21 34 23
82 97 21 33 23
81 97 22 34 22
84 95 20 33 24
83 96 20 34 23
80 98 22 34 22
81 97 21 34 23
79 98 24 34 21
80 97 22 34 23
79 98 23 34 22
80 97 22 34 23
78 99 24 34 21
80 98 22 34 22
80 97 23 34 22
81 97 21 34 23
82 97 21 33 23
82 96 21 34 23
81 97 21 34 23
81 97 22 34 22
79 98 23 34 22
79 98 23 34 22
78 98 24 35 21
80 97 23 34 22
77 100 24 34 21
79 98 24 34 21
80 98 22 34 22
81 97 21 34 23
80 98 21 34 23
78 98 24 35 21
78 99 24 34 21
83 96 20 33 24
82 97 20 33 24
82 96 21 34 23
83 95 20 34 24
79 98 22 34 23
80 97 23 34 22
82 96 22 34 22
80 97 23 34 22
82 95 21 34 24
80 96 22 35 23
83 95 22 34 22
83 95 21 34 23
82 95 22 34 23
82 96 21 34 23
83 96 21 34 22
81 96 23 34 22
83 95 21 34 23
81 97 21 34 23
82 96 22 34 22
83 96 20 34 23
82 97 21 33 23
80 97 22 34 23
80 97 23 34 22
78 98 23 35 22
78 98 24 35 21
81 96 23 34 22
80 97 24 34 21
80 97 23 34 22
82 96 22 34 22
82 97 21 33 23
83 95 20 34 24
82 96 21 34 23
79 97 23 35 22
80 97 23 34 22
81 96 22 34 23
80 97 23 34 22
79 97 23 35 22
82 95 22 34 23
81 96 22 35 22
81 96 22 34 23
81 96 23 34 22
79 97 23 35 22
80 97 23 34 22
82 96 21 34 23
81 97 22 34 22
79 98 23 34 22
81 97 21 34 23
80 97 23 34 22
78 98 24 35 21
78 98 24 35 21
79 98 24 34 21
78 97 25 35 21
76 99 26 35 20
78 97 25 35 21
80 96 23 35 22
78 98 24 35 21
80 97 23 34 22
81 96 23 35 21
79 98 23 34 22
81 97 22 34 22
79 98 23 34 22
81 97 21 34 23
80 97 22 34 23
80 97 23 34 22
81 97 21 34 23
84 95 19 34 24
83 95 21 34 23
84 95 20 34 23
82 96 21 34 23
82 96 21 34 23
82 96 21 34 23
82 96 21 34 23
82 95 22 34 23
80 96 23 35 22
80 95 24 35 22
81 95 23 35 22
80 96 23 35 22
79 96 24 35 22
80 96 23 35 22
76 99 25 35 21
75 99 26 35 21
81 95 22 35 23
80 96 24 35 21
81 95 22 35 23
81 96 23 34 22
82 95 22 34 23
83 95 21 34 23
83 95 21 34 23
82 96 22 34 22
79 98 23 34 22
81 97 22 34 22
81 96 22 34 23
83 96 20 34 23
81 97 21 34 23
81 97 21 34 23
84 95 19 34 24
83 96 20 34 23
80 96 22 35 23
79 97 23 35 22
80 97 22 35 22
79 96 24 35 22
75 99 26 35 21
81 96 24 34 21
80 96 23 35 22
81 96 23 34 22
82 96 21 34 23
82 96 20 34 24
82 96 21 34 23
81 97 22 34 22
80 97 23 34 22
80 96 23 35 22
80 96 24 34 22
79 97 24 35 21
78 97 25 35 21
77 97 25 36 21
74 99 27 36 20
79 96 25 35 21
80 96 24 34 22
81 96 23 34 22
82 95 22 35 22
80 96 23 34 23
79 98 24 34 21
79 98 23 34 22
81 97 22 34 22
79 97 24 35 21
77 98 26 35 20
78 97 25 35 21
76 98 26 36 20
76 98 27 35 20
76 98 26 36 20
78 97 25 35 21
79 97 24 34 22
79 97 24 35 21
80 97 23 34 22
81 97 21 34 23
80 97 23 34 22
78 98 24 34 22
80 97 22 34 23
81 97 21 34 23
83 96 20 33 24
81 97 21 34 23
82 96 22 34 22
82 96 21 34 23
83 95 21 34 23
83 95 21 34 23
81 96 22 35 22
81 95 22 35 23
79 96 24 35 22
78 97 25 35 21
79 96 24 35 22
77 97 26 35 21
79 96 25 35 21
79 95 25 36 21
79 95 25 36 21
75 98 28 36 19
77 96 28 36 19
79 94 27 36 20
76 97 29 36 18
80 94 25 36 21
79 95 26 36 20
80 95 25 35 21
79 95 25 36 21
81 95 22 35 23
79 96 25 35 21
80 96 24 35 21
81 96 23 34 22
81 96 23 34 22
83 95 21 34 23
81 96 23 34 22
82 96 21 34 23
81 97 22 34 22
83 96 21 34 22
84 95 20 34 23
82 96 22 34 22
81 97 22 34 22
81 95 23 35 22
77 97 26 36 20
80 95 24 35 22
80 96 24 35 21
83 95 21 34 23
82 96 21 34 23
82 96 21 34 23
80 98 22 34 22
80 97 22 34 23
81 96 22 34 23
79 97 24 35 21
79 96 24 35 22
77 97 27 36 19
78 95 27 36 20
77 96 27 36 20
77 96 27 36 20
75 97 28 37 19
76 96 28 37 19
77 96 28 36 19
78 95 28 36 19
80 94 25 36 21
79 95 26 36 20
81 95 24 35 21
79 97 25 35 20
80 96 24 35 21
79 97 24 35 21
83 96 20 34 23
80 98 22 34 22
81 97 22 34 22
79 98 23 34 22
78 97 25 35 21
76 98 28 35 19
76 97 27 36 20
74 99 29 36 18
75 97 29 36 19
74 97 30 37 18
73 98 31 37 17
77 95 27 37 20
77 96 27 36 20
77 96 28 36 19
78 96 26 36 20
78 97 25 35 21
80 96 23 35 22
80 98 22 33 23
81 97 22 34 22
81 97 22 34 22
81 96 23 34 22
83 96 20 33 24
82 96 21 34 23
80 97 23 34 22
83 95 21 34 23
81 96 23 34 22
82 95 21 35 23
82 95 22 35 22
81 95 23 35 22
80 96 23 35 22
82 94 23 35 22
80 94 24 36 22
79 96 25 35 21
76 97 28 36 19
77 95 27 37 20
78 95 27 36 20
77 95 28 37 19
75 96 30 37 18
77 95 27 37 20
74 96 31 38 17
75 96 30 37 18
76 95 29 37 19
75 96 30 37 18
76 95 29 37 19
74 96 30 37 19
75 95 30 37 19
73 97 33 37 16
78 94 27 37 20
76 96 29 37 18
77 95 28 37 19
76 96 29 37 18
76 96 29 37 18
77 96 28 36 19
79 95 26 35 21
78 96 26 35 21
80 95 25 35 21
79 96 24 35 22
82 94 22 35 23
81 95 23 35 22
81 96 22 35 22
82 96 22 34 22
82 96 21 34 23
84 95 20 34 23
83 96 20 33 24
81 97 21 34 23
82 96 21 34 23
80 97 23 34 22
82 96 22 34 22
82 96 21 34 23
81 97 22 34 22
83 96 20 33 24
81 97 21 34 23
82 97 21 33 23
79 98 23 34 22
79 96 24 35 22
75 97 28 36 20
77 96 27 36 20
75 96 30 37 18
76 94 29 38 19
72 97 33 38 16
71 98 34 38 15
75 95 31 37 18
73 97 32 37 17
78 95 27 36 20
77 96 27 36 20
77 97 27 36 19
77 97 26 35 21
79 96 24 35 22
79 96 24 35 22
81 96 22 34 23
81 97 21 34 23
80 98 23 33 22
79 98 24 34 21
80 97 23 34 22
79 97 24 35 21
79 96 24 35 22
73 99 30 36 18
74 97 30 37 18
74 96 32 38 16
71 99 33 37 16
70 98 35 38 15
72 98 32 37 17
73 98 30 37 18
75 97 29 36 19
79 97 24 35 21
80 97 24 34 21
80 97 23 34 22
80 98 21 34 23
79 97 25 35 20
78 96 26 36 20
79 96 25 35 21
81 97 21 34 23
82 96 21 34 23
81 97 22 34 22
82 95 22 34 23
79 96 25 35 21
79 96 26 35 20
80 94 25 36 21
76 96 29 36 19
76 96 28 37 19
73 97 31 37 18
73 97 32 37 17
75 95 31 37 18
73 96 34 38 15
74 94 33 39 16
75 94 32 38 17
72 96 35 38 15
75 93 33 38 17
71 97 38 38 12
73 94 37 39 13
75 92 35 39 15
73 95 36 39 13
73 95 35 38 15
73 95 34 38 16
73 96 35 38 14
72 95 36 39 14
74 95 31 38 18
76 94 30 38 18
74 96 32 37 17
76 95 30 37 18
79 94 26 37 20
80 94 26 36 20
78 96 26 36 20
78 97 26 35 20
80 96 24 35 21
81 96 23 34 22
81 96 23 34 22
83 95 21 34 23
85 93 15 33 30
82 96 21 34 23
82 96 21 34 23
82 96 21 34 23
80 97 23 34 22
79 96 25 35 21
79 94 26 36 21
77 95 28 37 19
79 94 26 36 21
78 96 25 35 22
78 97 25 35 21
81 96 23 34 22
82 96 22 34 22
83 96 21 34 22
80 97 23 34 22
78 97 25 35 21
77 96 27 36 20
73 98 31 37 17
71 97 36 38 14
72 96 37 39 12
71 98 38 38 11
70 98 36 38 14
76 95 31 37 17
77 96 27 36 20
77 98 25 35 21
81 95 23 35 22
80 96 23 35 22
80 98 22 34 22
80 98 23 34 21
79 98 24 34 21
77 97 27 35 20
76 96 29 36 19
71 98 35 38 14
71 99 42 38 6
71 98 42 38 7
72 96 40 39 9
73 97 41 38 7
71 98 35 38 14
75 96 30 37 18
76 97 28 36 19
75 98 27 36 20
78 97 25 35 21
80 97 24 34 21
82 96 22 34 22
81 97 21 34 23
71 99 33 37 16
71 98 39 38 10
70 99 39 38 10
81 97 21 34 23
82 96 21 34 23
79 98 23 34 22
80 97 23 34 22
81 96 22 34 23
81 96 23 34 22
82 95 22 35 22
81 95 24 35 21
80 93 26 36 21
75 96 30 37 18
75 96 31 37 17
72 97 33 38 16
77 93 32 38 16
74 95 36 38 13
74 95 41 38 8
76 92 40 39 9
74 94 43 39 6
78 91 42 39 6
75 95 44 38 4
72 97 44 38 5
73 95 42 39 7
70 97 41 39 9
75 93 39 39 10
76 92 34 39 15
74 94 34 39 15
74 95 33 38 16
76 94 31 38 17
76 95 29 37 19
79 94 27 36 20
81 95 24 35 21
83 94 22 35 22
82 95 22 35 22
84 94 21 34 23
83 95 22 34 22
81 97 22 34 22
82 96 22 34 22
86 95 18 33 24
81 97 22 34 22
80 97 23 34 22
81 95 23 35 22
80 94 24 36 22
79 95 26 36 20
78 95 27 36 20
74 96 31 37 18
75 93 34 38 16
75 94 42 39 6
73 96 41 38 8
72 97 42 38 7
70 100 44 37 5
77 94 30 37 18
79 94 26 36 21
78 95 26 36 21
79 95 26 35 21
82 94 22 35 23
83 95 22 34 22
81 97 22 34 22
79 98 23 34 22
80 96 24 35 21
78 95 27 36 20
71 97 35 38 15
74 94 40 39 9
77 93 41 38 7
69 99 37 38 13
70 99 42 38 7
73 97 43 37 6
72 96 35 38 15
76 97 28 36 19
80 96 24 35 21
83 95 22 34 22
84 95 19 34 24
81 97 21 34 23
79 98 23 34 22
80 97 23 34 22
78 98 24 35 21
78 96 26 36 20
76 96 29 36 19
76 95 30 37 18
70 99 35 37 15
73 97 44 37 5
69 101 44 37 5
72 97 43 38 6
72 95 39 39 11
73 96 34 38 15
74 97 31 37 17
75 98 28 36 19
77 97 27 36 19
82 96 22 34 22
80 98 22 34 22
80 98 22 34 22
79 96 25 35 21
73 95 40 39 9
79 96 25 35 21
82 96 21 34 23
81 97 22 34 22
79 98 23 34 22
80 97 23 34 22
81 96 23 34 22
79 96 25 35 21
77 97 27 35 20
77 96 27 36 20
75 96 29 37 19
71 97 35 38 15
70 97 37 39 13
70 99 42 38 7
73 97 45 38 3
85 84 27 40 20
82 94 19 35 26
76 94 43 38 5
70 98 41 38 9
75 93 38 39 11
77 92 32 39 16
79 93 27 37 20
81 94 24 35 22
79 95 26 35 21
83 94 22 34 23
83 95 21 34 23
82 95 21 35 23
81 97 21 34 23
83 95 21 34 23
84 95 20 34 23
80 98 22 34 22
79 97 24 35 21
78 97 25 35 21
76 98 27 35 20
76 97 27 36 20
74 97 31 37 17
73 97 31 37 18
72 96 34 38 16
78 90 27 39 22
76 93 32 38 17
77 94 30 37 18
77 94 28 37 20
79 94 26 36 21
79 96 25 35 21
80 96 24 35 21
82 95 23 34 22
82 97 21 34 22
81 97 22 34 22
79 98 23 34 22
80 98 22 34 22
80 97 23 34 22
79 97 23 34 23
78 97 26 35 20
75 98 28 36 19
70 100 43 38 5
72 98 43 38 5
86 92 18 35 25
74 96 43 38 5
71 98 44 38 5
79 95 25 36 21
81 95 23 35 22
81 97 22 34 22
82 96 21 34 23
80 97 23 34 22
81 97 21 34 23
82 96 21 34 23
79 99 23 34 21
78 99 24 34 21
78 98 25 34 21
76 99 26 35 20
74 98 29 36 19
73 97 32 37 17
69 100 37 38 12
69 99 40 38 10
69 101 44 37 5
69 101 44 37 5
73 94 39 39 11
74 95 34 38 15
76 95 30 37 18
76 96 28 36 20
79 96 24 35 22
80 96 23 35 22
80 97 23 34 22
81 97 21 34 23
71 99 33 37 16
74 96 32 37 17
82 96 21 34 23
81 97 22 34 22
82 96 21 34 23
80 97 23 34 22
79 97 24 34 22
79 97 24 35 21
81 95 23 35 22
79 96 24 35 22
77 96 28 36 19
79 94 26 36 21
76 95 29 37 19
73 97 33 38 15
73 95 34 38 16
71 98 40 38 9
74 94 42 39 7
76 92 39 39 10
72 96 42 38 8
73 94 36 39 14
75 94 32 38 17
77 93 29 38 19
79 94 26 37 20
78 95 26 36 21
82 94 23 35 22
83 94 22 35 22
81 96 23 34 22
80 97 23 34 22
82 96 22 34 22
83 95 20 34 24
82 96 20 34 24
83 96 20 34 23
81 97 22 34 22
78 98 24 35 21
76 99 26 35 20
78 95 27 36 20
75 96 30 37 18
72 96 35 38 15
74 96 42 38 6
73 97 42 38 6
72 95 37 39 13
77 94 29 37 19
78 95 26 36 21
77 98 25 35 21
80 97 23 34 22
84 96 20 33 23
79 99 23 34 21
80 97 23 34 22
82 97 21 33 23
79 96 25 35 21
81 95 23 35 22
78 96 26 36 20
71 98 40 38 9
75 95 41 38 7
74 94 43 39 6
70 97 41 39 9
77 96 27 36 20
82 94 22 35 23
81 95 23 35 22
83 95 21 34 23
83 96 21 34 22
81 97 22 34 22
79 99 23 34 21
80 97 24 34 21
77 99 26 34 20
78 96 26 36 20
75 98 28 36 19
73 97 31 37 18
72 98 34 37 15
70 99 37 38 12
72 98 41 38 7
73 96 43 38 6
70 98 39 38 11
73 96 33 38 16
74 97 31 37 17
75 97 28 36 20
79 96 25 35 21
79 97 24 34 22
81 96 22 34 23
81 97 21 33 24
80 97 23 34 22
79 98 23 34 22
79 97 23 35 22
79 98 23 34 22
77 98 25 35 21
78 97 25 35 21
77 97 27 35 20
79 96 24 35 22
77 96 28 36 19
75 96 31 37 17
73 96 32 38 17
71 97 35 38 15
72 97 41 38 8
72 99 42 37 6
72 98 42 38 6
72 95 40 39 10
71 98 39 38 10
75 94 32 38 17
76 95 30 37 18
75 96 29 37 19
76 97 28 36 19
78 97 26 35 20
79 97 24 35 21
77 98 26 35 20
78 98 25 34 21
79 98 23 34 22
79 98 24 34 21
81 97 22 34 22
81 97 21 34 23
81 97 21 34 23
81 97 21 34 23
80 95 24 35 22
78 94 26 37 21
73 95 34 39 15
73 96 42 38 7
74 95 44 38 5
73 96 37 38 12
76 95 29 37 19
79 96 25 35 21
81 97 22 34 22
82 97 20 33 24
80 97 23 34 22
78 96 25 36 21
76 94 30 37 19
73 96 32 38 17
72 97 40 38 9
73 97 42 38 6
71 99 43 37 6
72 97 41 38 8
75 94 33 38 16
77 94 29 37 19
77 96 27 36 20
80 97 23 34 22
81 97 21 34 23
82 96 21 34 23
81 97 21 34 23
81 96 22 34 23
82 95 23 34 22
79 96 24 35 22
78 95 26 36 21
77 95 28 37 19
74 94 34 38 16
74 94 42 39 7
75 94 42 38 7
74 94 37 38 13
77 94 30 37 18
77 95 28 36 20
78 96 25 35 22
81 95 23 35 22
79 97 24 35 21
81 97 21 34 23
82 96 21 34 23
83 96 20 34 23
80 98 22 34 22
80 97 22 34 23
82 96 22 34 22
81 97 22 34 22
78 98 24 35 21
78 98 25 34 21
78 98 24 34 22
77 96 26 36 21
75 98 27 36 20
73 99 29 36 19
74 97 29 37 19
70 98 35 38 15
71 98 39 38 10
70 101 43 37 5
68 103 44 37 4
72 99 43 37 5
72 97 44 38 5
70 99 40 38 9
70 98 36 38 14
74 97 31 37 17
77 96 26 36 21
78 96 26 36 20
77 97 26 36 20
77 98 26 35 20
78 98 24 35 21
79 97 23 35 22
79 98 24 34 21
80 97 23 34 22
80 98 22 34 22
79 98 24 34 21
82 97 21 33 23
83 95 21 34 23
80 97 23 34 22
79 96 25 35 21
76 97 28 36 19
74 97 31 37 17
71 101 45 36 3
75 95 43 38 5
76 95 29 37 19
78 95 26 36 21
79 96 24 35 22
80 96 24 34 22
81 97 20 34 24
82 97 21 34 22
80 97 22 34 23
79 97 24 35 21
77 97 26 35 21
77 95 28 37 19
76 95 29 37 19
73 95 34 38 16
71 96 37 39 13
85 84 31 41 15
82 94 22 35 23
71 97 38 38 12
72 96 35 39 14
77 94 29 37 19
78 94 27 37 20
78 95 26 36 21
78 97 25 35 21
80 96 23 35 22
81 97 21 34 23
84 95 20 33 24
82 96 21 34 23
81 96 22 34 23
77 96 26 36 21
74 95 33 38 16
70 98 41 38 9
72 98 44 37 5
78 90 37 40 11
77 92 42 38 7
73 96 41 38 8
73 95 35 38 15
81 94 23 36 22
81 96 23 34 22
80 97 22 34 23
82 96 21 34 23
81 97 22 34 22
83 96 20 33 24
80 96 24 35 21
79 93 26 37 21
87 92 18 34 25
78 94 28 37 19
80 96 24 35 21
82 96 21 34 23
79 98 22 34 23
80 98 22 34 22
80 97 22 34 23
79 98 23 34 22
78 98 24 35 21
77 98 25 35 21
78 96 25 36 21
78 95 27 36 20
75 97 29 36 19
76 96 29 37 18
69 100 35 38 14
72 97 34 38 15
66 103 40 38 9
68 101 43 38 6
69 103 45 36 3
69 102 43 37 5
71 98 42 38 7
72 100 44 37 3
71 99 41 38 7
72 97 35 38 14
71 99 35 37 14
72 98 33 37 16
74 98 30 36 18
76 97 28 36 19
77 96 27 36 20
78 97 25 35 21
78 98 25 35 20
79 98 23 34 22
80 97 23 34 22
81 97 22 34 22
81 97 21 34 23
81 96 23 34 22
77 98 25 35 21
79 96 24 35 22
80 95 24 35 22
75 96 29 37 19
72 99 45 37 3
71 100 44 37 4
72 99 42 37 6
73 96 42 38 7
72 99 43 37 5
74 96 42 38 6
71 98 41 38 8
73 95 36 39 13
74 95 32 38 17
79 96 25 35 21
80 95 24 35 22
79 96 25 35 21
80 97 23 34 22
81 97 21 34 23
83 96 20 33 24
81 97 22 34 22
81 97 22 34 22
80 97 23 34 22
79 95 25 36 21
78 95 27 36 20
77 95 27 37 20
72 97 33 38 16
69 99 37 38 13
69 100 40 38 9
68 100 42 38 8
73 97 44 38 4
73 97 44 38 4
72 95 40 39 10
72 95 37 39 13
70 98 36 38 14
75 96 29 37 19
77 96 27 36 20
78 96 27 36 19
80 96 24 35 21
81 97 22 34 22
82 96 22 34 22
83 95 21 34 23
83 96 20 33 24
83 96 19 34 24
81 96 22 34 23
80 96 23 35 22
79 94 26 36 21
75 96 31 37 17
70 98 36 38 14
72 96 42 39 7
75 94 43 38 6
74 95 43 38 6
74 94 41 39 8
74 94 34 39 15
75 95 31 38 17
78 95 28 36 19
81 95 23 35 22
82 96 21 34 23
84 95 20 34 23
81 94 24 35 22
79 95 25 36 21
81 97 22 34 22
82 96 21 34 23
81 96 22 34 23
82 96 22 34 22
83 94 21 35 23
83 94 22 35 22
79 96 24 35 22
77 97 26 35 21
76 97 27 36 20
75 97 29 36 19
73 98 30 37 18
73 98 31 37 17
72 97 34 38 15
71 97 36 38 14
72 95 38 39 12
72 97 41 38 8
73 94 40 39 10
74 94 40 38 10
73 96 41 38 8
70 98 40 39 9
73 96 34 38 15
73 97 34 37 15
74 97 31 37 17
74 98 30 36 18
76 97 28 36 19
76 98 27 36 19
78 97 25 35 21
79 96 25 35 21
78 97 25 35 21
80 96 23 35 22
80 97 23 35 21
80 98 22 34 22
80 98 22 34 22
83 96 20 34 23
85 94 20 34 23
79 96 24 35 22
76 96 28 36 20
76 96 28 36 20
74 96 32 38 16
73 94 35 39 15
75 94 32 38 17
72 96 38 39 11
74 94 34 38 16
75 94 33 38 16
74 97 32 37 16
73 98 32 37 16
77 95 28 37 19
78 95 27 36 20
79 96 26 35 20
82 96 22 34 22
82 96 21 34 23
83 96 20 34 23
83 96 20 33 24
83 96 20 34 23
84 94 20 34 24
79 96 24 35 22
77 97 26 35 21
75 96 29 37 19
75 96 30 37 18
74 95 34 38 15
77 92 31 38 18
74 94 34 39 15
73 95 34 39 15
74 94 36 39 13
77 91 35 39 14
75 94 34 38 15
77 91 32 39 17
72 97 36 38 13
74 94 33 39 16
75 96 31 37 17
78 97 26 35 20
78 97 26 35 20
81 96 23 34 22
80 97 23 34 22
82 97 20 34 23
81 97 21 34 23
84 95 19 34 24
86 93 19 34 24
81 95 22 35 23
78 96 26 36 20
77 95 27 37 20
77 95 29 36 19
77 94 29 37 19
78 94 28 37 19
79 95 26 36 20
81 95 23 35 22
82 95 22 34 23
82 96 20 34 24
84 95 20 34 23
82 96 22 34 22
83 96 19 34 24
81 97 21 34 23
83 96 20 33 24
81 96 22 34 23
83 95 21 34 23
82 95 22 34 23
77 98 25 35 21
78 96 25 36 21
79 96 25 35 21
75 98 28 36 19
74 98 29 36 19
74 97 30 37 18
75 96 29 37 19
76 95 30 37 18
78 92 28 38 20
76 95 30 37 18
75 94 32 38 17
75 94 33 38 16
73 96 34 38 15
71 98 34 38 15
73 97 31 38 17
75 95 31 37 18
72 98 33 37 16
74 97 30 37 18
72 99 32 37 16
75 96 29 37 19
78 95 27 36 20
75 98 27 36 20
76 99 26 35 20
78 98 25 35 20
79 97 23 34 23
80 97 23 34 22
81 97 21 34 23
80 98 22 34 22
81 97 22 34 22
83 96 20 34 23
83 95 20 34 24
81 96 22 34 23
78 97 24 35 22
79 97 23 35 22
81 95 23 35 22
76 97 27 36 20
77 96 28 36 19
77 94 28 37 20
76 95 30 37 18
76 96 28 36 20
79 95 26 36 20
78 96 26 36 20
77 98 25 35 21
76 99 26 35 20
79 97 24 35 21
81 96 22 34 23
83 96 20 34 23
83 96 19 33 25
84 95 19 33 25
83 95 21 34 23
83 95 21 34 23
80 95 24 35 22
78 95 26 36 21
79 94 26 36 21
78 94 27 37 20
77 94 29 37 19
79 93 27 37 20
75 96 30 37 18
77 94 29 37 19
74 97 30 37 18
75 96 29 37 19
77 96 27 36 20
79 96 25 35 21
79 97 24 35 21
79 97 24 35 21
80 97 23 34 22
80 97 22 34 23
82 96 20 34 24
85 94 19 34 24
85 94 19 34 24
81 96 22 35 22
83 94 22 34 23
79 96 25 35 21
76 97 27 36 20
80 93 26 37 20
76 96 28 37 19
77 96 27 36 20
80 95 25 35 21
79 96 25 35 21
79 97 24 35 21
81 96 22 34 23
83 96 21 33 23
85 95 18 33 25
84 95 19 34 24
80 98 22 34 22
81 97 22 34 22
82 96 21 34 23
80 97 22 34 23
80 97 23 34 22
79 97 23 35 22
78 97 24 35 22
78 97 25 35 21
79 96 24 35 22
74 100 28 35 19
74 99 27 36 20
76 97 28 36 19
75 98 28 36 19
77 96 28 36 19
78 95 26 36 21
75 97 30 36 18
76 96 29 36 19
75 98 29 36 18
74 98 31 36 17
75 98 28 36 19
74 98 30 36 18
76 97 29 36 18
77 96 27 36 20
76 98 27 35 20
76 97 27 36 20
78 97 26 35 20
78 97 24 35 22
79 98 23 34 22
79 98 24 34 21
79 98 22 34 23
78 99 24 34 21
81 97 21 34 23
82 96 20 34 24
82 96 21 34 23
82 95 21 35 23
77 98 25 35 21
78 95 26 36 21
78 95 26 36 21
77 97 27 35 20
77 96 28 36 19
79 96 25 35 21
80 96 23 35 22
80 97 23 34 22
81 97 20 34 24
84 95 19 34 24
84 96 19 33 24
81 97 21 34 23
80 97 23 34 22
80 96 23 35 22
77 97 26 35 21
78 96 25 36 21
78 96 26 35 21
79 96 25 35 21
78 97 25 35 21
79 98 23 34 22
80 98 22 34 22
82 97 20 34 23
84 96 19 33 24
83 96 20 33 24
83 95 20 34 24
82 96 21 34 23
83 95 21 34 23
76 99 26 35 20
78 97 25 35 21
79 96 24 35 22
79 96 25 35 21
81 94 24 36 21
78 95 26 36 21
80 95 25 35 21
79 95 25 35 22
77 97 27 36 19
77 96 27 36 20
77 97 26 35 21
80 95 25 35 21
81 95 23 35 22
79 96 24 35 22
80 96 24 35 21
81 97 22 34 22
79 98 23 34 22
82 96 20 34 24
79 98 23 34 22
81 96 22 34 23
80 97 21 35 23
77 98 25 35 21
76 98 27 35 20
79 96 24 35 22
82 94 22 35 23
78 96 26 36 20
79 96 24 35 22
78 97 25 35 21
76 98 27 36 19
78 96 26 36 20
77 97 26 36 20
80 96 23 35 22
76 98 26 35 21
76 99 26 35 20
76 99 26 35 20
77 98 25 35 21
80 97 24 34 21
80 96 23 35 22
79 98 24 34 21
81 97 21 34 23
81 97 22 34 22
82 96 20 34 24
80 98 22 33 23
84 95 20 34 23
82 96 22 34 22
80 96 22 35 23
79 96 24 35 22
80 95 25 35 21
80 95 25 35 21
79 96 25 35 21
78 97 26 35 20
78 97 25 35 21
79 97 23 35 22
83 95 21 34 23
80 97 23 34 22
81 97 22 34 22
83 96 20 34 23
83 96 19 33 25
82 96 20 34 24
80 98 21 34 23
82 97 20 34 23
82 96 21 34 23
79 97 23 35 22
82 95 23 34 22
83 94 22 34 23
79 96 25 35 21
79 96 24 35 22
81 95 23 35 22
78 98 25 34 21
82 95 22 34 23
79 98 23 34 22
82 96 20 34 24
82 96 20 34 24
84 95 20 33 24
82 95 22 34 23
79 97 24 35 21
81 96 23 34 22
82 95 23 34 22
81 95 22 35 23
78 97 24 35 22
79 97 23 35 22
82 96 22 34 22
81 97 22 34 22
81 96 22 34 23
81 96 22 34 23
84 95 19 33 25
79 98 22 34 23
78 99 23 34 22
81 97 21 34 23
80 97 23 34 22
81 96 22 34 23
81 97 22 34 22
80 97 24 34 21
80 97 23 34 22
77 98 25 35 21
80 97 24 34 21
81 96 23 34 22
81 96 23 34 22
79 97 23 35 22
77 98 26 35 20
79 97 23 35 22
78 98 24 35 21
77 99 25 35 20
77 98 25 35 21
79 97 23 35 22
78 98 25 34 21
80 97 23 34 22
80 97 23 34 22
80 97 23 34 22
78 99 24 34 21
81 97 21 34 23
82 96 21 34 23
82 96 21 34 23
83 95 20 34 24
80 96 23 35 22
82 96 22 34 22
81 96 23 34 22
79 97 24 35 21
80 97 23 34 22
79 97 24 35 21
82 96 22 34 22
79 98 23 34 22
84 95 19 34 24
84 96 19 33 24
83 96 20 34 23
82 96 22 34 22
82 96 21 34 23
81 96 23 34 22
79 97 24 35 21
81 97 21 34 23
81 97 22 34 22
80 98 22 34 22
81 97 22 34 22
82 97 21 33 23
83 96 20 34 23
84 95 20 34 23
83 95 20 34 24
81 96 22 34 23
82 96 21 34 23
83 95 21 34 23
80 96 23 35 22
79 98 23 34 22
80 97 22 34 23
82 96 21 34 23
83 96 20 34 23
82 96 21 34 23
81 96 22 34 23
83 95 21 34 23
80 96 22 35 23
81 96 22 34 23
80 98 22 34 22
79 98 23 34 22
83 96 20 34 23
81 97 21 34 23
80 97 22 34 23
79 98 23 34 22
80 97 22 34 23
81 97 22 34 22
80 97 23 34 22
81 96 22 34 23
80 97 23 34 22
79 98 24 34 21
80 97 23 34 22
77 99 25 34 21
78 99 24 34 21
79 98 23 34 22
79 98 24 34 21
79 98 24 34 21
80 98 22 34 22
81 97 21 34 23
80 98 21 34 23
78 99 22 34 23
82 96 21 34 23
81 97 21 34 23
82 96 21 34 23
81 97 21 34 23
82 96 22 34 22
82 96 22 34 22
81 97 21 34 23
79 98 22 34 23
81 97 22 34 22
81 97 21 34 23
81 97 22 34 22
80 98 22 34 22
83 96 20 34 23
81 97 21 34 23
82 96 21 34 23
82 96 21 34 23
80 97 23 34 22
79 98 24 34 21
81 97 22 34 22
83 96 20 34 23
83 96 20 34 23
83 96 20 33 24
81 97 21 34 23
83 95 21 34 23
83 95 21 34 23
82 96 22 34 22
80 98 23 34 21
82 96 21 34 23
83 96 20 34 23
79 98 22 34 23
84 95 19 33 25
81 97 21 34 23
81 97 21 34 23
79 98 23 34 22
82 96 21 34 23
83 96 20 34 23
82 96 21 34 23
82 96 21 34 23
80 98 21 34 23
79 98 23 34 22
81 97 21 34 23
81 98 21 33 23
77 100 23 34 22
79 99 22 34 22
82 97 22 33 22
81 97 21 34 23
83 96 20 34 23
84 95 20 33 24
82 96 20 34 24
81 97 22 34 22
84 96 19 33 24
83 96 20 34 23
81 97 21 34 23
82 96 21 34 23
85 95 19 33 24
83 96 20 34 23
