93 93 16 31 23
87 95 18 32 24
81 98 22 33 22
81 98 22 33 22
81 98 22 33 22
83 97 20 33 23
81 99 21 33 22
83 97 21 33 22
85 96 19 33 23
81 99 21 33 22
81 98 22 33 22
80 99 23 33 21
81 98 22 33 22
79 100 23 33 21
82 98 21 33 22
82 98 20 33 23
79 100 23 33 21
83 97 21 33 22
80 99 22 33 22
80 99 23 33 21
81 98 22 33 22
79 100 23 33 21
80 99 23 33 21
80 99 23 33 21
81 98 23 33 21
78 100 24 33 21
82 98 22 33 21
81 98 23 33 21
83 97 21 33 22
81 98 22 33 22
78 100 24 33 21
77 101 25 33 20
79 99 24 33 21
79 100 23 33 21
79 100 24 33 20
79 99 24 33 21
79 100 24 33 20
77 101 25 33 20
77 101 24 33 21
76 102 26 33 19
78 100 25 33 20
76 102 26 33 19
77 101 24 33 21
76 102 26 33 19
83 97 21 33 22
82 98 21 33 22
82 98 21 33 22
83 97 20 33 23
82 98 21 33 22
83 97 20 33 23
81 98 22 33 22
81 98 22 33 22
84 96 20 33 23
82 98 21 33 22
83 97 20 33 23
82 98 21 33 22
83 97 20 33 23
82 98 21 33 22
82 98 21 33 22
81 98 23 33 21
81 98 22 33 22
83 97 21 33 22
80 99 22 33 22
81 98 22 33 22
83 97 21 33 22
81 98 22 33 22
78 100 25 33 20
81 98 23 33 21
82 98 22 33 21
80 99 24 33 20
80 99 23 33 21
78 100 25 33 20
80 99 23 33 21
79 99 24 33 21
80 99 23 33 21
79 100 24 33 20
80 99 23 33 21
76 102 26 33 19
78 101 24 33 20
77 101 25 33 20
76 102 25 33 20
76 102 26 33 19
75 103 26 33 19
72 106 27 33 18
82 98 21 33 22
83 97 21 33 22
82 98 21 33 22
80 99 23 33 21
80 99 23 33 21
84 96 20 33 23
83 97 21 33 22
83 97 21 33 22
81 98 22 33 22
80 99 23 33 21
83 97 21 33 22
82 98 21 33 22
81 98 22 33 22
80 99 22 33 22
81 98 22 33 22
82 98 21 33 22
81 98 22 33 22
79 100 24 33 20
80 99 23 33 21
82 98 22 33 21
81 98 22 33 22
81 98 22 33 22
80 99 23 33 21
83 97 22 33 21
81 98 23 33 21
80 99 23 33 21
80 99 23 33 21
78 100 25 33 20
80 99 23 33 21
78 100 24 33 21
79 100 24 33 20
78 100 24 33 21
80 99 24 33 20
76 102 26 33 19
74 104 26 33 19
77 101 25 33 20
75 103 26 33 19
74 104 26 33 19
71 107 29 33 16
83 97 20 33 23
81 98 21 33 23
82 98 21 33 22
82 98 21 33 22
82 98 21 33 22
81 98 22 33 22
82 98 21 33 22
80 99 23 33 21
83 97 20 33 23
82 98 21 33 22
80 99 23 33 21
81 98 22 33 22
81 98 21 33 23
84 97 20 32 23
81 98 22 33 22
82 98 21 33 22
80 99 22 33 22
81 98 23 33 21
78 100 24 33 21
80 99 23 33 21
82 98 22 33 21
82 98 22 33 21
81 98 21 33 23
79 99 23 33 22
82 98 22 33 21
80 99 23 33 21
81 98 23 33 21
79 100 24 33 20
81 98 22 33 22
80 99 23 33 21
79 100 24 33 20
79 100 24 33 20
80 99 23 33 21
80 99 23 33 21
74 104 27 33 18
76 102 26 33 19
78 100 25 33 20
76 102 26 33 19
77 101 25 33 20
77 101 25 33 20
76 102 25 33 20
74 104 26 33 19
81 98 22 33 22
80 99 23 33 21
83 97 21 33 22
81 98 22 33 22
82 97 21 33 23
81 98 22 33 22
84 97 20 32 23
80 99 22 33 22
82 98 20 33 23
81 98 22 33 22
81 98 22 33 22
80 99 23 33 21
83 97 21 33 22
80 99 23 33 21
83 97 21 33 22
80 99 22 33 22
81 98 23 33 21
82 98 21 33 22
82 98 21 33 22
80 99 23 33 21
82 98 21 33 22
81 98 22 33 22
79 100 24 33 20
80 99 23 33 21
79 100 24 33 20
78 100 24 33 21
81 98 23 33 21
80 99 23 33 21
78 100 25 33 20
77 101 25 33 20
78 100 24 33 21
79 100 23 33 21
76 102 26 33 19
78 100 24 33 21
75 103 26 33 19
76 102 25 33 20
75 103 26 33 19
77 101 25 33 20
75 103 26 33 19
76 102 25 33 20
75 103 26 33 19
81 98 21 33 23
80 99 23 33 21
82 98 20 33 23
81 98 22 33 22
83 97 21 33 22
83 97 21 33 22
84 96 20 33 23
80 99 22 33 22
81 98 22 33 22
79 100 23 33 21
80 99 22 33 22
82 98 20 33 23
81 98 22 33 22
80 99 21 33 23
81 98 22 33 22
82 98 21 32 23
82 98 20 33 23
80 99 22 33 22
81 98 22 33 22
82 98 21 33 22
80 99 23 33 21
83 97 20 33 23
83 97 21 33 22
79 100 23 33 21
81 98 22 33 22
82 98 21 33 22
79 100 23 33 21
80 99 23 33 21
81 98 22 33 22
79 100 23 33 21
77 101 26 33 19
81 98 22 33 22
80 99 23 33 21
80 99 23 33 21
78 100 24 33 21
77 101 25 33 20
78 100 25 33 20
76 102 26 33 19
77 101 25 33 20
76 102 26 33 19
77 101 25 33 20
82 98 21 33 22
83 97 21 33 22
81 98 21 33 23
82 98 21 33 22
83 97 20 33 23
84 97 20 32 23
80 99 22 33 22
82 98 20 33 23
82 98 21 33 22
80 99 23 33 21
81 98 21 33 23
82 98 20 33 23
80 99 23 33 21
82 98 21 33 22
78 100 24 33 21
80 99 23 33 21
80 99 23 33 21
82 98 21 33 22
83 97 21 33 22
78 101 24 33 20
76 102 25 33 20
79 99 23 33 22
81 98 22 33 22
83 97 21 33 22
80 99 23 33 21
79 100 24 33 20
81 98 23 33 21
80 99 23 33 21
81 98 22 33 22
80 99 23 33 21
77 101 25 33 20
77 101 26 33 19
79 100 24 33 20
78 100 25 33 20
79 100 23 33 21
78 100 25 33 20
76 102 26 33 19
77 101 26 33 19
85 96 19 32 24
80 99 23 33 21
82 97 21 33 23
83 97 20 33 23
80 99 21 33 23
84 97 21 32 22
80 99 22 33 22
80 99 21 33 23
81 99 21 33 22
81 98 22 33 22
82 98 21 33 22
81 98 22 33 22
83 97 21 33 22
79 100 23 33 21
81 98 22 33 22
80 99 23 33 21
80 99 23 33 21
80 99 23 33 21
80 99 23 33 21
80 99 23 33 21
80 99 23 33 21
78 100 25 33 20
80 99 23 33 21
80 99 23 33 21
78 101 24 33 20
78 100 25 33 20
79 100 23 33 21
80 99 23 33 21
77 101 25 33 20
81 98 23 33 21
81 98 23 33 21
78 100 25 33 20
79 100 23 33 21
81 98 23 33 21
78 100 25 33 20
80 99 24 33 20
78 100 26 33 19
78 100 25 33 20
80 99 24 33 20
77 101 25 33 20
81 98 22 33 22
77 101 25 33 20
74 104 27 33 18
80 99 22 33 22
82 98 20 33 23
83 97 20 33 23
80 99 22 33 22
82 98 21 33 22
83 97 20 33 23
82 98 21 33 22
83 97 20 33 23
81 98 23 33 21
82 98 21 33 22
82 98 21 33 22
85 96 19 33 23
83 97 21 33 22
81 98 22 33 22
80 99 22 33 22
81 98 22 33 22
81 98 23 33 21
81 98 22 33 22
79 100 23 33 21
81 98 22 33 22
79 100 24 33 20
79 100 24 33 20
79 100 23 33 21
80 99 23 33 21
78 100 24 33 21
81 98 22 33 22
79 99 24 33 21
79 100 24 33 20
78 100 25 33 20
79 100 24 33 20
79 100 23 33 21
78 100 25 33 20
81 98 23 33 21
76 102 25 33 20
75 103 25 33 20
78 100 25 33 20
77 101 25 33 20
76 102 26 33 19
77 101 26 33 19
77 101 26 33 19
83 97 21 33 22
81 98 22 33 22
81 98 22 33 22
84 97 19 33 23
80 99 22 33 22
83 97 21 33 22
82 98 20 33 23
84 96 20 33 23
81 98 22 33 22
81 98 22 33 22
83 97 20 33 23
80 99 22 33 22
83 97 20 33 23
81 98 22 33 22
79 100 23 33 21
83 97 21 33 22
81 98 22 33 22
81 98 22 33 22
81 98 22 33 22
79 100 23 33 21
80 99 23 33 21
82 98 21 33 22
83 97 21 33 22
80 99 23 33 21
81 98 22 33 22
79 100 23 33 21
83 97 21 33 22
81 98 22 33 22
78 101 24 33 20
79 100 24 33 20
78 101 24 33 20
79 99 24 33 21
80 99 23 33 21
78 100 25 33 20
79 100 23 33 21
77 101 25 33 20
77 101 25 33 20
76 102 25 33 20
79 100 24 33 20
78 100 25 33 20
78 100 25 33 20
76 102 26 33 19
83 97 20 33 23
82 97 22 33 22
84 97 19 33 23
82 98 21 32 23
81 98 22 33 22
82 98 20 33 23
80 99 23 33 21
81 98 22 33 22
84 97 20 32 23
82 98 20 33 23
83 97 20 33 23
81 98 22 33 22
84 97 20 32 23
83 97 20 33 23
82 98 21 33 22
81 98 22 33 22
81 98 22 33 22
82 98 21 33 22
80 99 22 33 22
80 99 22 33 22
83 97 21 33 22
81 98 22 33 22
82 98 22 33 21
80 99 23 33 21
82 98 22 33 21
81 98 23 33 21
80 99 23 33 21
78 100 25 33 20
80 99 23 33 21
78 100 25 33 20
81 98 23 33 21
80 99 23 33 21
80 99 23 33 21
75 103 26 33 19
79 100 24 33 20
78 101 24 33 20
77 101 25 33 20
76 102 26 33 19
75 103 27 33 18
74 103 27 33 19
83 97 20 33 23
83 97 21 33 22
83 97 20 33 23
82 98 21 33 22
82 98 21 33 22
84 96 20 33 23
83 97 20 33 23
83 97 21 33 22
82 98 22 33 21
82 98 21 33 22
82 98 21 33 22
81 98 22 33 22
82 98 21 33 22
82 98 21 33 22
82 98 22 33 21
83 97 21 33 22
80 99 22 33 22
79 100 23 33 21
81 98 22 33 22
79 99 24 33 21
80 99 23 33 21
79 100 24 33 20
78 100 24 33 21
81 99 22 33 21
77 101 25 33 20
78 100 25 33 20
79 100 23 33 21
78 100 24 33 21
79 100 23 33 21
77 101 26 33 19
78 101 24 33 20
76 102 26 33 19
77 101 26 33 19
74 104 27 33 18
91 94 14 31 26
86 96 18 32 24
82 98 21 33 22
82 98 21 33 22
84 96 20 33 23
83 97 21 33 22
81 98 22 33 22
82 98 21 33 22
85 96 19 33 23
84 96 20 33 23
82 98 21 33 22
81 98 22 33 22
81 98 22 33 22
84 96 20 33 23
82 98 21 33 22
84 96 20 33 23
80 99 23 33 21
82 98 21 33 22
80 99 22 33 22
81 98 22 33 22
83 97 21 33 22
81 98 22 33 22
81 98 22 33 22
80 99 23 33 21
80 99 23 33 21
80 99 23 33 21
80 99 23 33 21
79 99 24 33 21
81 98 22 33 22
78 100 24 33 21
78 100 25 33 20
77 101 26 33 19
81 98 23 33 21
80 99 23 33 21
76 102 25 33 20
75 103 26 33 19
78 100 24 33 21
75 103 26 33 19
78 100 24 33 21
78 101 24 33 20
76 102 25 33 20
73 105 28 33 17
83 97 21 33 22
83 97 20 33 23
84 97 20 32 23
82 97 21 33 23
83 97 20 33 23
80 99 23 33 21
85 96 19 33 23
82 98 21 33 22
83 97 20 33 23
82 97 22 33 22
82 98 21 33 22
82 97 22 33 22
82 98 21 33 22
83 97 21 33 22
81 98 21 33 23
84 96 20 33 23
82 98 21 33 22
84 97 20 33 22
83 97 21 33 22
81 98 22 33 22
82 98 21 33 22
82 98 21 33 22
79 99 23 33 22
81 99 22 32 22
79 100 24 33 20
78 100 24 33 21
81 98 22 33 22
80 99 22 33 22
79 100 23 33 21
77 101 25 33 20
80 99 22 33 22
79 100 24 33 20
79 100 23 33 21
76 102 25 33 20
79 100 24 33 20
78 100 24 33 21
77 101 25 33 20
76 102 25 33 20
75 103 26 33 19
75 103 26 33 19
74 104 26 33 19
82 98 21 33 22
82 98 21 33 22
83 97 20 33 23
81 98 22 33 22
83 97 21 33 22
81 98 22 33 22
83 97 21 33 22
82 98 21 33 22
82 98 21 33 22
80 99 22 33 22
81 98 22 33 22
83 97 20 33 23
81 98 22 33 22
82 98 21 33 22
83 97 20 33 23
81 98 22 33 22
84 97 20 32 23
80 99 24 33 20
82 98 21 33 22
82 98 21 33 22
81 98 22 33 22
83 97 21 33 22
84 96 20 33 23
79 99 24 33 21
80 99 23 33 21
82 98 22 33 21
75 103 27 33 18
78 101 24 33 20
79 100 23 33 21
77 101 26 33 19
76 102 26 33 19
76 102 25 33 20
76 102 26 33 19
77 101 25 33 20
76 102 26 33 19
78 100 24 33 21
84 96 20 33 23
85 96 19 33 23
81 98 22 33 22
81 98 22 33 22
83 97 20 33 23
84 97 19 32 24
81 98 22 33 22
82 98 21 33 22
84 96 20 33 23
82 98 22 33 21
83 97 21 33 22
85 96 19 32 24
81 98 22 33 22
82 98 21 33 22
81 98 22 33 22
80 99 23 33 21
82 98 21 33 22
82 98 21 33 22
82 98 22 33 21
82 98 21 33 22
80 99 23 33 21
83 97 21 33 22
80 99 23 33 21
82 97 22 33 22
80 99 23 33 21
82 97 22 33 22
80 99 22 33 22
84 96 20 33 23
81 98 23 33 21
81 98 23 33 21
80 99 24 33 20
82 98 22 32 22
78 101 24 33 20
79 100 24 33 20
79 99 24 33 21
79 100 24 33 20
76 102 25 33 20
79 100 24 33 20
79 100 23 33 21
82 98 21 33 22
82 98 21 33 22
80 99 23 33 21
83 97 21 33 22
81 98 22 33 22
81 98 22 33 22
83 97 20 33 23
83 97 20 33 23
81 98 22 33 22
80 99 23 33 21
83 97 21 33 22
82 98 21 33 22
85 96 19 33 23
82 97 21 33 23
83 97 20 33 23
84 96 20 33 23
82 98 21 33 22
84 97 20 32 23
83 97 21 33 22
81 98 22 33 22
83 97 20 33 23
83 97 21 33 22
81 98 23 33 21
82 98 21 33 22
82 98 22 33 21
83 97 21 33 22
80 99 24 33 20
84 97 21 32 22
80 99 23 33 21
82 98 22 32 22
80 99 23 33 21
81 98 23 33 21
81 98 22 33 22
83 97 22 32 22
79 100 24 33 20
78 100 25 33 20
79 100 24 33 20
80 99 23 33 21
85 96 19 32 24
78 100 24 33 21
74 104 26 33 19
83 97 21 33 22
85 96 20 32 23
82 97 21 33 23
81 99 22 33 21
81 98 21 33 23
82 98 21 32 23
81 98 21 33 23
82 98 20 33 23
79 100 23 33 21
82 98 21 33 22
81 98 22 33 22
84 97 20 32 23
83 97 21 33 22
82 97 22 33 22
79 100 22 33 22
84 97 20 32 23
83 97 21 33 22
81 98 23 33 21
81 98 22 33 22
83 97 20 33 23
81 98 22 33 22
81 98 22 33 22
80 99 23 33 21
82 98 21 33 22
80 99 23 33 21
84 97 20 32 23
82 97 22 33 22
81 98 22 33 22
81 98 23 33 21
82 98 22 33 21
82 98 22 33 21
81 98 22 33 22
79 99 24 33 21
80 99 23 33 21
78 100 25 33 20
79 100 24 33 20
77 101 25 33 20
76 102 26 33 19
76 102 25 33 20
75 103 26 33 19
83 97 18 33 25
82 98 20 33 23
82 98 19 33 24
83 97 20 33 23
82 98 20 33 23
81 98 21 33 23
84 97 20 32 23
83 97 20 33 23
84 97 19 32 24
83 97 19 33 24
81 98 20 33 24
81 98 20 33 24
79 100 22 33 22
83 97 20 33 23
83 97 20 33 23
82 98 20 33 23
81 99 21 33 22
85 96 18 33 24
81 98 22 33 22
81 98 22 33 22
85 96 19 32 24
80 99 21 33 23
84 97 19 32 24
84 97 19 33 23
82 98 21 33 22
82 97 21 33 23
80 99 22 33 22
84 97 19 33 23
83 97 20 33 23
81 98 22 33 22
84 97 19 33 23
85 96 19 32 24
82 98 20 33 23
83 97 20 33 23
83 97 20 33 23
83 97 21 33 22
81 99 20 33 23
83 97 20 33 23
81 98 22 33 22
82 98 21 33 22
82 98 21 33 22
83 97 20 33 23
82 98 20 33 23
83 97 20 33 23
82 98 21 32 23
81 99 21 33 22
81 99 20 33 23
78 101 22 33 22
79 100 21 33 23
83 97 18 33 25
80 99 20 33 24
79 100 21 33 23
79 100 21 33 23
83 97 20 33 23
83 97 20 33 23
81 98 20 33 24
84 97 19 32 24
84 97 20 32 23
82 98 20 33 23
81 98 20 33 24
80 99 20 33 24
78 101 22 33 22
77 102 23 33 21
82 98 20 33 23
82 98 20 33 23
81 98 21 33 23
82 98 20 33 23
82 98 20 33 23
84 97 19 32 24
82 98 21 33 22
84 96 20 33 23
84 97 20 32 23
83 97 20 33 23
80 99 22 33 22
82 97 21 33 23
82 98 20 33 23
79 100 22 33 22
83 97 21 33 22
81 99 21 33 22
81 98 22 33 22
82 98 20 33 23
84 97 20 33 22
84 96 20 33 23
82 98 21 33 22
83 97 20 33 23
80 99 21 33 23
79 100 22 33 22
79 100 21 33 23
79 100 21 33 23
80 99 22 33 22
80 99 22 33 22
82 98 20 33 23
78 101 22 33 22
81 98 21 33 23
81 98 21 33 23
80 99 22 33 22
81 99 20 32 24
79 100 21 33 23
80 99 22 33 22
79 100 23 33 21
80 99 21 33 23
78 101 24 33 20
82 98 21 33 22
80 99 22 33 22
81 98 22 33 22
81 98 21 33 23
79 100 22 33 22
79 100 23 33 21
80 99 23 33 21
79 100 22 33 22
80 99 22 33 22
79 100 23 33 21
81 98 21 33 23
79 100 22 33 22
78 100 24 33 21
84 96 20 33 23
79 100 22 33 22
83 97 20 33 23
78 100 23 33 22
77 101 24 33 21
84 96 20 33 23
82 98 20 33 23
84 97 19 32 24
80 99 21 33 23
83 97 18 33 25
82 98 19 33 24
81 99 20 33 23
83 97 19 33 24
80 99 22 33 22
81 98 21 33 23
81 98 21 33 23
83 97 19 33 24
80 99 22 33 22
84 97 19 32 24
83 97 20 33 23
82 98 19 33 24
83 97 19 33 24
80 99 21 33 23
84 96 19 33 24
83 97 19 33 24
81 98 21 33 23
77 101 23 33 22
83 97 20 33 23
84 97 18 33 24
83 97 20 33 23
81 98 22 33 22
81 98 21 33 23
83 97 20 33 23
81 98 21 33 23
82 98 20 33 23
80 99 22 33 22
82 98 21 33 22
84 97 19 32 24
80 99 22 33 22
84 96 20 33 23
82 98 20 33 23
83 97 20 33 23
81 98 22 33 22
81 98 21 33 23
84 96 19 33 24
82 98 21 33 22
83 97 19 33 24
81 98 21 33 23
83 97 19 33 24
82 98 21 33 22
83 97 20 33 23
82 98 20 33 23
84 97 19 32 24
83 97 19 33 24
81 99 20 33 23
82 98 19 33 24
84 97 19 33 23
85 96 19 33 23
82 98 21 33 22
84 96 20 33 23
82 98 20 33 23
82 98 20 33 23
85 96 19 32 24
82 98 20 33 23
81 98 21 33 23
83 97 20 32 24
83 97 20 33 23
82 97 21 33 23
82 98 20 33 23
82 97 21 33 23
83 97 20 33 23
83 97 20 33 23
83 97 20 32 24
82 98 21 33 22
81 98 21 33 23
83 97 20 33 23
82 98 20 33 23
83 97 20 33 23
81 98 21 33 23
83 97 20 33 23
81 98 21 33 23
85 96 19 33 23
83 97 20 33 23
82 98 21 33 22
83 97 20 33 23
83 97 20 33 23
82 98 21 33 22
81 98 21 33 23
83 97 19 33 24
83 97 19 33 24
82 98 20 33 23
84 97 19 32 24
83 97 20 33 23
84 96 19 33 24
83 97 20 33 23
84 96 19 33 24
82 98 20 33 23
81 98 21 33 23
83 98 19 32 24
84 97 19 32 24
83 97 19 33 24
82 98 20 33 23
84 97 19 33 23
82 98 20 33 23
84 97 19 33 23
85 96 18 33 24
83 97 20 33 23
82 98 20 33 23
82 98 20 32 24
83 97 19 33 24
83 97 20 33 23
81 99 20 33 23
82 98 21 33 22
83 97 20 33 23
82 98 20 33 23
83 97 19 32 25
82 98 20 33 23
82 98 21 33 22
83 97 19 33 24
83 97 20 33 23
81 98 21 33 23
81 98 22 33 22
83 97 20 33 23
80 99 22 33 22
82 98 20 33 23
83 97 20 33 23
82 98 21 32 23
83 97 20 33 23
85 96 19 33 23
82 98 20 33 23
83 97 19 33 24
84 96 19 33 24
82 97 21 33 23
84 97 19 33 23
83 97 19 33 24
85 96 19 33 23
84 97 19 33 23
85 96 19 33 23
81 98 21 33 23
83 97 19 33 24
84 97 19 32 24
83 97 20 33 23
84 96 19 33 24
80 99 21 33 23
81 98 21 33 23
84 97 19 33 23
83 97 20 33 23
82 98 20 33 23
82 98 21 32 23
83 97 20 33 23
83 97 20 33 23
84 96 19 33 24
81 98 21 33 23
81 99 21 33 22
83 97 20 33 23
82 98 20 33 23
82 97 21 33 23
81 98 21 33 23
81 98 22 33 22
85 96 20 32 23
81 98 22 33 22
80 99 22 33 22
82 98 20 33 23
82 98 21 33 22
83 97 20 33 23
80 99 22 33 22
83 97 21 33 22
81 98 22 33 22
83 97 19 33 24
83 97 19 33 24
80 99 20 33 24
84 97 19 32 24
80 99 21 33 23
85 96 19 32 24
82 98 20 33 23
80 99 21 33 23
82 98 20 33 23
82 98 20 33 23
83 97 19 33 24
84 97 19 33 23
81 98 21 33 23
81 98 21 33 23
83 97 19 33 24
81 98 21 33 23
82 98 20 33 23
85 96 18 33 24
82 98 20 33 23
83 97 20 33 23
84 97 20 32 23
82 98 20 33 23
82 98 20 33 23
82 97 21 33 23
82 98 21 33 22
82 98 21 33 22
83 97 20 33 23
84 97 19 33 23
82 98 20 33 23
81 98 22 33 22
83 97 20 33 23
82 98 20 33 23
84 97 19 33 23
80 99 22 33 22
80 99 22 33 22
81 98 21 33 23
81 98 21 33 23
80 99 22 33 22
83 97 19 33 24
81 98 22 33 22
81 98 22 33 22
84 97 18 32 25
83 97 20 33 23
83 97 19 33 24
84 97 18 33 24
80 99 21 33 23
82 98 20 33 23
79 100 21 33 23
84 97 19 33 23
82 98 20 33 23
81 98 22 33 22
83 97 19 33 24
82 98 20 33 23
80 99 21 33 23
82 98 20 33 23
85 96 19 33 23
84 96 20 33 23
84 96 20 33 23
83 97 20 33 23
82 97 21 33 23
82 98 21 33 22
82 98 21 33 22
84 97 19 33 23
84 97 19 33 23
83 97 20 33 23
83 97 19 33 24
82 98 21 33 22
83 97 20 33 23
83 97 20 33 23
82 97 22 33 22
83 97 20 33 23
82 98 21 33 22
82 98 20 33 23
81 98 22 33 22
81 98 21 33 23
84 96 20 33 23
82 98 21 33 22
80 99 22 33 22
84 96 20 33 23
81 98 22 33 22
85 96 19 32 24
83 97 20 33 23
84 97 19 32 24
84 97 19 32 24
82 98 20 33 23
83 97 20 33 23
85 96 18 33 24
83 97 20 33 23
84 97 19 33 23
83 97 20 33 23
82 98 20 33 23
83 97 20 33 23
81 98 21 33 23
84 96 20 33 23
84 97 20 32 23
81 98 21 33 23
81 98 20 33 24
85 96 19 33 23
82 98 20 33 23
82 98 20 33 23
82 98 20 33 23
81 99 21 33 22
82 98 21 33 22
85 96 19 32 24
84 97 20 32 23
83 97 20 33 23
82 98 21 33 22
84 96 20 33 23
85 96 18 33 24
82 98 20 33 23
85 96 18 33 24
82 98 21 33 22
79 100 22 33 22
84 97 20 32 23
84 97 19 33 23
81 99 21 33 22
81 98 21 33 23
85 96 18 33 24
82 98 21 33 22
81 98 22 33 22
83 97 20 33 23
83 97 20 33 23
81 98 21 33 23
82 97 21 33 23
81 99 21 33 22
83 97 20 33 23
82 98 19 33 24
80 99 20 33 24
81 98 20 33 24
84 96 19 33 24
83 97 19 33 24
82 98 20 33 23
82 98 20 33 23
83 97 21 33 22
83 97 20 33 23
84 97 19 32 24
82 98 21 33 22
83 97 20 33 23
82 98 20 33 23
81 98 21 33 23
80 99 22 33 22
82 98 19 33 24
80 99 21 33 23
83 97 19 33 24
82 98 20 33 23
82 98 20 33 23
84 96 20 33 23
81 98 21 33 23
85 96 19 33 23
84 97 19 33 23
84 96 20 33 23
83 97 20 33 23
83 97 19 33 24
81 98 22 33 22
83 97 20 33 23
84 96 20 33 23
82 98 21 33 22
84 97 19 33 23
82 98 21 33 22
84 97 20 32 23
81 98 22 33 22
83 97 21 33 22
84 97 19 33 23
83 97 20 33 23
83 97 20 33 23
81 98 20 33 24
83 97 19 33 24
83 97 19 33 24
80 99 21 33 23
84 97 18 33 24
82 98 21 33 22
82 98 20 33 23
83 97 20 33 23
81 99 20 33 23
80 99 21 33 23
85 96 18 33 24
83 97 19 33 24
80 99 21 33 23
84 97 19 33 23
84 96 19 33 24
83 97 20 33 23
83 97 20 33 23
85 96 18 33 24
82 98 20 33 23
82 98 21 33 22
85 97 18 32 24
82 98 20 33 23
85 96 19 33 23
83 97 20 33 23
84 97 19 33 23
84 97 19 33 23
83 97 20 33 23
82 98 20 33 23
84 96 20 33 23
83 97 21 33 22
84 97 19 33 23
82 98 21 33 22
82 97 21 33 23
83 97 20 33 23
82 98 20 33 23
84 97 19 33 23
84 97 20 32 23
84 97 20 32 23
83 97 20 33 23
82 98 20 33 23
85 96 19 33 23
84 97 18 33 24
84 97 18 33 24
83 97 19 33 24
84 97 18 33 24
82 98 19 33 24
83 98 18 32 25
82 98 20 33 23
83 97 19 33 24
81 98 21 33 23
83 97 20 33 23
84 97 19 33 23
81 98 21 33 23
85 96 19 33 23
84 96 20 33 23
83 97 19 33 24
83 97 21 33 22
81 99 20 33 23
83 97 19 33 24
83 97 19 33 24
82 98 21 33 22
81 98 22 33 22
84 96 19 33 24
85 96 19 32 24
83 97 20 33 23
82 98 20 33 23
82 98 20 33 23
84 97 20 33 22
83 97 21 33 22
84 97 20 32 23
82 98 21 33 22
85 96 19 32 24
83 97 20 33 23
81 99 21 33 22
83 97 20 33 23
83 97 20 33 23
83 97 20 33 23
81 98 21 33 23
83 97 20 33 23
84 97 20 33 22
84 97 19 33 23
82 98 19 33 24
80 99 21 33 23
84 97 18 33 24
82 98 19 33 24
83 97 20 33 23
81 98 21 33 23
84 96 19 33 24
83 97 19 33 24
82 98 20 33 23
80 99 22 33 22
86 96 18 32 24
85 96 19 33 23
82 98 20 33 23
85 96 18 33 24
83 97 20 33 23
82 98 20 33 23
84 97 19 32 24
83 97 20 33 23
83 97 20 33 23
82 98 20 33 23
83 97 20 33 23
84 97 19 33 23
82 98 21 33 22
84 97 19 33 23
82 98 21 33 22
83 97 20 33 23
82 98 20 33 23
85 96 19 32 24
83 97 20 33 23
83 97 20 33 23
83 97 20 33 23
83 97 19 33 24
81 98 21 33 23
83 97 20 33 23
81 99 21 33 22
83 97 20 33 23
83 97 20 33 23
80 99 23 33 21
85 96 19 33 23
84 97 20 33 22
83 97 20 33 23
81 98 21 33 23
83 97 19 33 24
84 97 18 33 24
82 98 20 33 23
84 97 19 32 24
83 97 20 33 23
84 97 19 32 24
82 98 20 33 23
83 97 19 33 24
83 97 20 33 23
82 98 19 33 24
83 97 19 33 24
85 96 18 33 24
82 98 20 33 23
82 98 20 33 23
84 97 19 32 24
82 98 20 33 23
83 97 20 33 23
84 97 19 33 23
82 98 21 33 22
84 97 19 33 23
82 98 21 33 22
84 96 20 33 23
83 97 20 33 23
82 98 20 33 23
80 99 22 33 22
83 97 19 33 24
82 97 21 33 23
83 97 20 33 23
82 98 21 33 22
81 98 21 33 23
82 98 21 32 23
82 98 20 33 23
83 97 20 33 23
84 97 19 33 23
85 96 19 32 24
80 99 22 33 22
83 97 20 33 23
83 97 19 33 24
81 98 22 33 22
83 97 20 33 23
83 97 20 33 23
80 99 20 33 24
80 99 21 33 23
82 98 19 33 24
80 99 21 33 23
82 98 19 33 24
81 99 20 33 23
85 96 19 32 24
83 97 19 33 24
84 97 19 32 24
82 98 21 33 22
79 100 21 33 23
82 98 19 33 24
83 97 20 33 23
83 97 20 33 23
79 100 22 33 22
81 99 20 33 23
84 96 19 33 24
82 98 19 33 24
81 99 20 33 23
82 98 21 33 22
84 97 19 33 23
84 97 19 33 23
85 96 19 33 23
80 99 22 33 22
81 98 21 33 23
82 98 20 33 23
82 98 20 33 23
83 97 20 33 23
82 98 21 33 22
84 97 20 32 23
83 97 20 33 23
82 98 21 33 22
81 98 22 33 22
83 97 20 33 23
83 97 21 33 22
84 97 19 33 23
80 99 22 33 22
83 97 20 33 23
81 98 21 33 23
82 98 20 33 23
79 100 21 33 23
81 99 19 33 24
84 97 18 33 24
80 99 21 33 23
85 96 19 33 23
82 97 21 33 23
82 98 19 33 24
84 97 19 32 24
78 100 23 33 22
82 97 20 33 24
85 96 19 33 23
84 97 19 33 23
83 97 20 33 23
84 97 18 33 24
82 98 20 33 23
82 98 20 33 23
83 97 20 33 23
83 97 20 33 23
83 97 19 33 24
83 97 20 33 23
83 97 20 33 23
83 97 20 33 23
84 97 19 32 24
81 98 22 33 22
80 99 23 33 21
84 97 20 33 22
84 97 20 32 23
82 98 21 33 22
82 98 21 33 22
84 96 20 33 23
83 97 20 33 23
84 96 20 33 23
81 99 22 33 21
82 98 21 32 23
82 98 21 33 22
83 97 20 33 23
82 98 21 33 22
82 97 21 33 23
84 97 19 33 23
82 97 21 33 23
83 97 19 33 24
82 98 19 33 24
82 98 19 33 24
84 96 19 33 24
84 96 19 33 24
82 98 19 33 24
83 97 19 33 24
83 97 20 33 23
80 99 21 33 23
79 100 22 33 22
84 97 19 32 24
82 98 20 33 23
82 98 20 33 23
83 97 20 33 23
83 97 20 33 23
82 98 20 33 23
82 98 21 33 22
81 98 21 33 23
82 98 21 32 23
82 98 21 33 22
80 99 22 33 22
83 97 20 33 23
82 98 20 33 23
80 99 21 33 23
83 97 19 33 24
81 98 21 33 23
81 98 21 33 23
81 99 21 33 22
82 98 21 33 22
86 96 18 32 24
85 96 19 33 23
85 96 19 33 23
80 99 22 33 22
80 99 22 33 22
84 97 20 32 23
82 98 21 32 23
80 99 23 33 21
83 97 20 33 23
80 99 22 33 22
84 96 19 33 24
84 97 19 33 23
84 97 19 33 23
85 96 18 33 24
84 97 19 33 23
85 96 19 32 24
84 97 19 33 23
82 98 20 33 23
83 97 19 33 24
83 97 20 33 23
82 98 20 33 23
82 98 20 33 23
82 97 20 33 24
83 97 20 33 23
84 97 19 33 23
82 97 21 33 23
83 97 20 33 23
84 97 19 33 23
82 98 20 33 23
81 98 21 33 23
83 97 20 33 23
80 99 22 33 22
80 99 22 33 22
81 98 22 33 22
83 97 20 33 23
82 98 20 33 23
81 98 22 33 22
85 96 19 33 23
83 97 20 33 23
81 98 21 33 23
84 97 20 32 23
82 98 20 33 23
80 99 23 33 21
82 98 20 33 23
81 99 21 32 23
81 99 21 33 22
79 100 23 33 21
82 98 21 33 22
82 98 20 33 23
82 98 20 33 23
82 98 21 33 22
83 97 21 32 23
80 99 22 33 22
81 98 22 33 22
81 98 21 33 23
80 99 22 33 22
81 98 21 33 23
79 100 22 33 22
80 99 21 33 23
84 97 19 33 23
82 98 20 33 23
80 99 21 33 23
82 98 20 33 23
82 98 21 33 22
80 99 22 33 22
82 98 20 33 23
82 98 20 33 23
82 98 20 33 23
83 97 20 33 23
81 98 21 33 23
80 99 22 33 22
80 99 21 33 23
80 99 21 33 23
84 97 19 33 23
80 99 22 33 22
79 100 22 33 22
80 99 21 33 23
80 99 23 33 21
83 97 20 33 23
81 98 20 33 24
83 97 20 33 23
83 98 20 32 23
82 98 20 33 23
81 99 21 33 22
81 98 21 33 23
81 98 21 33 23
79 100 23 33 21
81 98 22 33 22
79 99 23 33 22
81 98 21 33 23
80 99 22 33 22
81 98 21 33 23
82 98 20 32 24
80 99 23 33 21
81 98 21 33 23
81 99 20 33 23
80 99 21 33 23
83 97 20 33 23
82 98 20 33 23
84 97 18 32 25
81 99 21 33 22
83 97 20 33 23
83 97 20 33 23
80 99 21 33 23
79 100 22 33 22
82 98 21 33 22
81 98 21 33 23
82 98 20 33 23
85 97 17 32 25
82 98 21 33 22
83 97 19 33 24
82 98 20 33 23
84 96 19 33 24
82 98 19 33 24
81 98 21 33 23
82 98 21 33 22
82 98 21 33 22
83 97 20 33 23
83 97 20 33 23
80 99 22 33 22
84 97 19 33 23
81 98 21 33 23
80 99 23 33 21
81 99 21 33 22
81 99 21 33 22
80 99 23 33 21
81 98 22 33 22
82 98 21 33 22
81 98 22 33 22
82 98 21 33 22
81 98 22 33 22
84 97 18 33 24
82 98 19 33 24
82 98 20 33 23
84 97 18 33 24
83 97 19 33 24
82 98 20 33 23
82 98 20 33 23
81 98 22 33 22
80 99 21 33 23
80 99 21 33 23
81 98 21 33 23
79 100 23 33 21
84 97 19 32 24
82 98 20 33 23
83 97 19 33 24
82 98 20 33 23
81 98 21 33 23
83 97 19 33 24
83 97 19 33 24
81 98 21 33 23
80 99 22 33 22
82 98 20 33 23
83 97 20 33 23
81 98 21 33 23
80 99 21 33 23
81 99 21 33 22
83 97 20 33 23
81 98 22 33 22
83 97 20 33 23
81 98 22 33 22
81 98 22 33 22
80 99 22 33 22
79 100 23 33 21
84 97 20 32 23
82 98 21 33 22
83 97 20 33 23
80 99 23 33 21
82 98 21 33 22
83 97 20 33 23
82 98 21 33 22
84 97 18 33 24
82 98 20 33 23
83 97 20 33 23
81 98 21 33 23
82 98 20 33 23
80 99 22 33 22
83 97 19 33 24
83 97 19 33 24
82 98 20 33 23
80 99 21 33 23
85 96 18 33 24
84 97 19 33 23
82 98 20 33 23
83 97 19 33 24
81 98 21 33 23
81 98 22 33 22
83 97 20 33 23
82 98 20 33 23
81 98 20 33 24
82 98 21 33 22
83 97 20 33 23
81 98 21 33 23
81 99 21 33 22
82 98 21 33 22
81 98 21 33 23
82 98 21 33 22
83 98 19 32 24
81 98 21 33 23
80 99 22 33 22
82 98 20 33 23
80 99 22 33 22
82 97 21 33 23
80 99 22 33 22
82 98 21 33 22
79 100 23 33 21
83 97 21 33 22
82 98 21 33 22
80 99 22 33 22
81 98 22 33 22
81 98 21 33 23
79 100 22 33 22
82 98 19 33 24
84 97 19 32 24
84 97 19 33 23
82 98 20 33 23
83 97 20 33 23
83 97 20 33 23
84 97 19 33 23
85 96 18 33 24
86 96 17 32 25
82 98 21 33 22
83 97 20 33 23
83 97 19 33 24
84 96 19 33 24
82 98 20 33 23
82 98 21 33 22
84 97 19 33 23
81 98 21 33 23
82 97 21 33 23
83 97 20 33 23
82 98 20 33 23
82 98 20 33 23
81 98 21 33 23
84 97 19 33 23
83 97 20 33 23
81 98 21 33 23
82 98 21 33 22
84 97 19 33 23
84 96 20 33 23
82 98 20 33 23
81 98 21 33 23
83 97 20 33 23
82 98 21 33 22
84 96 20 33 23
80 99 22 33 22
82 98 21 33 22
82 98 20 33 23
82 98 21 33 22
83 97 20 33 23
85 96 19 33 23
83 97 21 33 22
84 97 20 33 22
83 97 20 33 23
82 98 20 33 23
82 98 20 33 23
83 97 19 33 24
84 97 19 33 23
85 96 19 33 23
83 97 20 33 23
85 95 14 32 30
83 97 21 33 22
84 97 20 32 23
81 99 20 33 23
82 98 20 33 23
83 97 18 33 25
82 97 21 33 23
84 96 19 33 24
82 98 21 33 22
82 98 21 33 22
83 97 20 33 23
83 97 20 33 23
82 97 21 33 23
81 98 22 33 22
83 97 20 33 23
82 98 21 33 22
84 97 19 33 23
82 98 21 33 22
81 98 22 33 22
83 97 20 33 23
83 97 19 33 24
83 97 20 33 23
80 99 21 33 23
83 97 20 33 23
85 96 19 32 24
82 98 20 33 23
80 99 23 33 21
83 97 20 33 23
82 98 21 33 22
83 97 20 33 23
80 99 22 33 22
83 97 21 33 22
82 97 21 33 23
82 98 19 33 24
82 98 20 33 23
81 99 19 33 24
84 97 19 32 24
82 98 20 33 23
82 98 20 33 23
83 97 20 33 23
80 99 22 33 22
81 98 21 33 23
82 98 20 33 23
80 99 21 33 23
84 97 19 32 24
82 98 20 33 23
83 97 20 33 23
83 97 20 33 23
81 98 21 33 23
81 98 21 33 23
82 98 21 32 23
82 98 20 33 23
82 98 20 33 23
83 97 20 33 23
81 98 22 33 22
84 97 19 33 23
82 98 21 33 22
80 99 22 33 22
79 100 22 33 22
85 96 19 33 23
81 99 21 33 22
83 97 20 33 23
80 99 22 33 22
85 96 20 32 23
83 97 20 33 23
84 96 20 33 23
82 98 21 33 22
83 97 21 33 22
82 98 21 33 22
81 98 22 33 22
81 98 21 33 23
83 97 21 33 22
82 98 21 33 22
82 98 20 33 23
83 97 20 33 23
82 98 20 33 23
83 98 20 32 23
82 98 20 33 23
83 98 17 33 25
82 97 21 33 23
80 99 21 33 23
84 97 19 33 23
82 98 20 33 23
81 98 22 33 22
82 98 20 33 23
81 98 21 33 23
79 100 22 33 22
81 98 22 33 22
83 97 19 33 24
82 98 20 33 23
82 98 20 33 23
80 99 22 33 22
82 98 21 33 22
81 98 21 33 23
82 98 21 33 22
83 97 20 33 23
83 97 21 33 22
80 99 23 33 21
83 97 20 33 23
81 98 21 33 23
81 98 21 33 23
79 100 22 33 22
83 97 20 33 23
84 97 19 33 23
82 98 21 33 22
83 97 20 33 23
81 98 22 33 22
82 98 20 33 23
83 97 20 33 23
82 98 21 33 22
80 99 22 33 22
83 97 20 33 23
82 98 21 33 22
85 96 19 32 24
83 97 20 33 23
84 97 19 33 23
85 96 18 33 24
84 97 19 32 24
84 97 19 33 23
83 97 19 33 24
82 98 20 33 23
83 97 19 33 24
83 97 20 33 23
82 98 20 33 23
82 98 20 33 23
84 97 17 32 26
81 98 21 33 23
82 98 20 33 23
83 97 20 33 23
82 98 21 33 22
84 97 19 32 24
81 98 21 33 23
81 99 21 33 22
82 98 20 33 23
80 99 21 33 23
81 99 21 33 22
83 97 19 33 24
80 99 22 33 22
81 98 21 33 23
78 101 23 33 21
85 96 19 32 24
82 98 20 33 23
81 99 21 33 22
83 97 20 33 23
81 98 21 33 23
80 99 22 33 22
82 98 20 33 23
82 98 20 33 23
80 99 22 33 22
80 99 22 33 22
83 97 19 33 24
81 98 22 33 22
83 97 20 33 23
82 98 21 33 22
83 97 19 33 24
79 99 23 33 22
80 99 21 33 23
80 99 22 33 22
81 98 22 33 22
81 98 21 33 23
80 99 22 33 22
81 99 21 32 23
82 98 20 33 23
85 96 18 33 24
84 96 19 33 24
84 97 19 32 24
82 98 20 33 23
81 98 21 33 23
82 98 20 33 23
81 98 21 33 23
82 98 20 33 23
82 98 20 33 23
80 99 21 33 23
80 99 23 33 21
84 96 19 33 24
82 98 21 33 22
84 97 18 33 24
81 98 21 33 23
80 99 22 33 22
82 98 21 33 22
81 98 22 33 22
83 97 20 33 23
81 98 21 33 23
81 98 21 33 23
81 98 21 33 23
80 99 21 33 23
83 97 19 33 24
80 99 22 33 22
83 97 20 33 23
80 99 22 33 22
82 98 20 33 23
80 99 22 33 22
80 99 21 33 23
79 100 22 33 22
84 97 20 32 23
83 97 20 33 23
81 98 21 33 23
81 98 21 33 23
82 98 20 33 23
83 97 20 33 23
84 97 18 33 24
81 98 21 33 23
82 98 20 33 23
83 97 20 33 23
83 97 19 33 24
84 97 19 32 24
82 98 20 33 23
81 98 21 33 23
84 96 19 33 24
82 98 20 33 23
80 99 22 33 22
84 97 19 33 23
85 96 18 33 24
84 97 19 32 24
83 97 20 33 23
84 97 18 33 24
83 97 19 33 24
82 98 20 33 23
83 97 20 33 23
81 98 22 33 22
83 97 20 33 23
82 98 20 33 23
83 97 20 33 23
83 97 20 33 23
82 98 21 33 22
82 98 21 33 22
85 96 19 32 24
84 96 20 33 23
83 97 20 33 23
82 98 20 33 23
81 99 21 33 22
82 98 21 33 22
81 98 22 33 22
83 97 20 33 23
83 97 20 33 23
83 97 20 33 23
83 97 20 33 23
82 98 21 33 22
83 97 20 33 23
84 97 18 33 24
82 98 20 33 23
81 98 21 33 23
84 97 19 32 24
82 98 20 33 23
83 97 20 32 24
82 98 20 33 23
83 97 20 33 23
82 98 20 33 23
82 98 20 33 23
82 98 21 33 22
81 99 21 33 22
83 97 20 33 23
81 98 22 33 22
82 98 20 33 23
80 99 22 33 22
80 99 22 33 22
83 97 20 33 23
83 97 20 33 23
81 98 22 33 22
80 99 22 33 22
84 97 19 33 23
82 98 21 33 22
83 97 20 33 23
81 98 21 33 23
80 99 22 33 22
82 98 20 33 23
81 98 21 33 23
83 97 20 33 23
80 99 22 33 22
84 97 19 33 23
82 98 21 33 22
81 98 22 33 22
81 98 21 33 23
82 97 21 33 23
83 97 20 33 23
82 98 20 33 23
82 98 20 33 23
82 98 20 33 23
81 99 21 33 22
81 98 21 33 23
80 99 22 33 22
83 98 19 32 24
82 98 20 33 23
80 99 22 33 22
81 98 21 33 23
83 97 20 33 23
81 98 21 33 23
80 99 22 33 22
82 98 20 33 23
81 99 21 33 22
80 99 22 33 22
83 97 20 33 23
81 98 21 33 23
81 98 22 33 22
80 99 22 33 22
81 98 22 33 22
81 98 22 33 22
80 99 22 33 22
81 98 22 33 22
81 98 22 33 22
80 99 21 33 23
81 98 21 33 23
81 98 22 33 22
79 100 22 33 22
81 98 21 33 23
81 99 21 33 22
83 98 20 32 23
81 98 22 33 22
81 98 22 33 22
80 99 23 33 21
82 98 21 33 22
81 98 22 33 22
80 99 23 33 21
81 98 22 33 22
80 99 22 33 22
79 100 23 33 21
81 99 21 33 22
82 98 20 33 23
82 98 20 33 23
84 97 18 32 25
80 99 21 33 23
82 98 19 33 24
81 98 22 33 22
83 97 20 33 23
83 97 20 33 23
81 98 21 33 23
85 96 19 32 24
81 98 21 33 23
83 97 19 33 24
83 97 19 33 24
82 98 21 33 22
81 98 21 33 23
81 99 21 33 22
82 98 20 33 23
82 98 20 33 23
80 99 22 33 22
82 98 20 33 23
84 97 19 33 23
82 98 20 33 23
83 97 20 33 23
81 98 21 33 23
81 99 21 33 22
82 98 20 33 23
82 98 20 33 23
81 99 21 33 22
81 98 21 33 23
82 98 20 32 24
79 100 23 33 21
81 98 21 33 23
83 97 20 33 23
80 99 22 33 22
82 98 20 33 23
84 97 19 33 23
83 97 18 33 25
84 97 18 32 25
86 96 17 32 25
81 98 21 33 23
85 96 18 33 24
82 98 19 33 24
85 96 18 32 25
83 97 20 32 24
84 97 19 32 24
84 97 19 32 24
82 98 20 33 23
84 96 19 33 24
85 96 18 32 25
86 96 18 32 24
82 98 20 33 23
83 97 19 33 24
83 97 19 33 24
84 97 18 32 25
84 97 19 32 24
82 98 20 33 23
84 97 19 33 23
84 97 19 32 24
85 96 19 33 23
82 98 20 33 23
84 97 19 32 24
85 96 18 33 24
84 96 19 33 24
86 96 18 32 24
81 98 21 33 23
81 98 21 33 23
83 97 20 33 23
83 97 20 33 23
85 96 19 33 23
86 96 18 32 24
86 96 18 32 24
87 95 18 32 24
83 97 20 33 23
82 98 20 33 23
84 97 19 33 23
83 97 19 33 24
80 99 21 33 23
81 98 21 33 23
85 96 18 33 24
80 99 22 33 22
81 98 20 33 24
84 97 19 32 24
80 99 22 33 22
83 97 19 33 24
80 99 21 33 23
79 100 22 33 22
84 96 19 33 24
83 97 19 33 24
82 98 19 33 24
84 97 19 32 24
83 97 19 33 24
82 98 20 33 23
85 96 18 33 24
83 97 19 33 24
83 97 19 33 24
84 97 19 32 24
82 98 21 33 22
83 97 20 33 23
82 98 20 33 23
83 97 20 33 23
83 97 20 33 23
83 97 20 33 23
84 97 19 33 23
82 98 21 33 22
83 97 20 33 23
81 98 21 33 23
81 98 21 33 23
84 97 19 33 23
80 99 22 33 22
84 97 19 32 24
81 98 20 33 24
85 96 17 33 25
83 97 19 33 24
83 97 19 33 24
84 97 19 32 24
82 98 20 33 23
83 97 20 33 23
80 99 21 33 23
85 96 19 32 24
83 97 20 33 23
82 98 20 33 23
83 97 19 33 24
82 98 20 33 23
82 98 20 33 23
82 98 20 33 23
83 97 19 33 24
82 98 20 33 23
83 97 20 33 23
82 98 20 33 23
83 97 20 33 23
82 98 20 33 23
82 98 21 33 22
84 97 19 32 24
83 97 20 33 23
80 99 22 33 22
83 97 20 33 23
82 98 20 33 23
82 98 20 33 23
81 99 20 33 23
83 97 20 33 23
82 98 20 33 23
81 98 21 33 23
82 98 19 33 24
81 98 21 33 23
81 98 22 33 22
83 97 20 33 23
82 98 21 33 22
79 100 23 33 21
83 97 20 33 23
81 98 22 33 22
83 97 21 33 22
85 96 19 33 23
81 98 21 33 23
84 97 21 32 22
79 100 23 33 21
83 97 20 33 23
81 98 21 33 23
81 98 22 33 22
81 98 22 33 22
82 98 21 33 22
82 97 22 33 22
80 99 22 33 22
82 97 21 33 23
81 98 22 33 22
79 100 24 33 20
82 98 21 33 22
80 99 23 33 21
80 99 23 33 21
81 98 22 33 22
79 100 24 33 20
80 99 23 33 21
78 100 24 33 21
80 99 24 33 20
77 101 25 33 20
81 98 23 33 21
83 97 21 33 22
79 99 24 33 21
81 98 22 33 22
80 99 23 33 21
79 100 24 33 20
79 99 24 33 21
79 100 24 33 20
78 100 25 33 20
81 98 23 33 21
77 101 25 33 20
79 99 25 33 20
78 100 24 33 21
78 100 25 33 20
78 100 25 33 20
75 102 27 33 19
77 101 26 33 19
77 101 25 33 20
83 97 20 33 23
80 99 23 33 21
80 99 22 33 22
82 98 21 33 22
79 100 23 33 21
80 99 23 33 21
78 100 24 33 21
78 100 24 33 21
83 97 20 33 23
80 99 23 33 21
80 99 23 33 21
80 99 22 33 22
82 98 21 33 22
81 98 22 33 22
81 98 22 33 22
80 99 22 33 22
79 100 23 33 21
80 99 23 33 21
77 101 25 33 20
79 100 24 33 20
79 99 23 33 22
80 99 22 33 22
78 100 24 33 21
80 99 23 33 21
80 99 23 33 21
79 100 23 33 21
78 100 24 33 21
77 101 25 33 20
79 100 23 33 21
82 98 22 33 21
77 101 26 33 19
80 99 23 33 21
79 100 23 33 21
77 101 26 33 19
77 101 25 33 20
76 102 26 33 19
78 100 25 33 20
76 102 26 33 19
75 102 27 33 19
76 102 25 33 20
81 98 22 33 22
81 98 22 33 22
80 99 22 33 22
80 99 23 33 21
80 99 21 33 23
81 98 22 33 22
79 99 23 33 22
81 98 22 33 22
79 100 24 33 20
79 100 23 33 21
82 97 22 33 22
81 98 22 33 22
80 99 22 33 22
79 100 23 33 21
80 99 23 33 21
80 99 23 33 21
82 98 21 33 22
79 100 23 33 21
81 99 22 33 21
81 98 22 33 22
81 98 22 33 22
80 99 23 33 21
76 102 26 33 19
81 98 22 33 22
80 99 24 33 20
78 100 25 33 20
77 101 25 33 20
78 100 24 33 21
80 99 24 33 20
78 100 24 33 21
78 101 25 33 19
79 99 24 33 21
76 102 26 33 19
78 100 24 33 21
78 101 23 33 21
77 101 25 33 20
76 102 26 33 19
75 103 27 33 18
77 101 25 33 20
75 103 27 33 18
81 98 22 33 22
79 100 23 33 21
78 100 24 33 21
82 98 21 33 22
81 98 22 33 22
81 98 22 33 22
80 99 22 33 22
83 97 21 33 22
82 97 21 33 23
80 99 22 33 22
80 99 23 33 21
79 100 23 33 21
82 98 21 33 22
81 98 23 33 21
81 98 22 33 22
80 99 23 33 21
81 98 22 33 22
77 101 25 33 20
79 100 24 33 20
81 98 23 33 21
80 99 22 33 22
79 100 23 33 21
78 101 24 33 20
80 99 24 33 20
79 100 23 33 21
79 100 24 33 20
77 101 25 33 20
81 98 22 33 22
81 98 22 33 22
77 101 25 33 20
76 102 26 33 19
78 100 25 33 20
78 100 25 33 20
77 101 25 33 20
77 101 26 33 19
76 102 26 33 19
76 102 26 33 19
79 100 24 33 20
77 101 26 33 19
84 96 20 33 23
75 103 26 33 19
81 98 22 33 22
80 99 22 33 22
82 98 21 33 22
80 99 22 33 22
81 98 21 33 23
79 100 23 33 21
83 97 20 33 23
79 100 23 33 21
81 98 22 33 22
81 98 22 33 22
79 100 23 33 21
81 98 22 33 22
81 98 21 33 23
80 99 22 33 22
81 98 22 33 22
79 100 23 33 21
80 99 23 33 21
83 97 21 33 22
81 98 22 33 22
80 99 23 33 21
81 98 23 33 21
80 99 23 33 21
79 100 23 33 21
81 98 22 33 22
80 99 22 33 22
78 100 24 33 21
81 98 23 33 21
81 98 22 33 22
80 99 23 33 21
76 102 26 33 19
79 100 24 33 20
80 99 23 33 21
77 101 25 33 20
79 99 24 33 21
76 102 26 33 19
77 101 25 33 20
77 101 25 33 20
78 100 25 33 20
75 103 27 33 18
77 101 25 33 20
76 102 26 33 19
79 100 22 33 22
83 97 20 33 23
85 96 20 32 23
81 98 21 33 23
83 97 21 32 23
82 98 21 33 22
85 96 20 32 23
81 98 22 33 22
83 97 21 33 22
81 98 22 33 22
80 99 22 33 22
84 97 19 32 24
81 98 21 33 23
84 97 20 32 23
81 98 22 33 22
82 98 21 33 22
82 98 22 32 22
79 100 23 33 21
81 98 22 33 22
82 98 21 33 22
80 99 23 33 21
83 97 21 33 22
83 97 21 32 23
79 100 24 33 20
81 98 22 33 22
82 98 22 33 21
79 100 24 32 21
80 99 23 33 21
81 98 22 33 22
78 100 24 33 21
76 102 26 33 19
78 100 25 33 20
80 99 23 33 21
79 100 23 33 21
79 100 23 33 21
76 102 25 33 20
76 102 25 33 20
77 101 25 33 20
77 101 25 33 20
76 102 25 33 20
79 100 23 33 21
84 97 20 32 23
84 96 20 33 23
80 99 22 33 22
80 99 22 33 22
81 98 22 33 22
82 98 21 33 22
81 98 22 33 22
81 98 21 33 23
82 98 22 32 22
80 99 23 33 21
81 98 22 33 22
83 97 21 33 22
79 100 23 33 21
80 99 22 33 22
81 98 22 33 22
80 99 23 33 21
79 100 24 33 20
82 98 21 33 22
82 98 22 33 21
80 99 22 33 22
79 100 24 33 20
82 98 21 33 22
81 98 22 33 22
83 97 21 33 22
79 100 24 33 20
81 98 23 33 21
80 99 23 33 21
80 99 24 33 20
81 98 23 33 21
81 98 23 33 21
78 100 25 33 20
78 100 25 33 20
78 100 24 33 21
76 102 26 33 19
79 99 25 33 20
76 102 25 33 20
78 101 24 33 20
74 104 27 33 18
77 101 25 33 20
78 101 24 33 20
82 98 21 33 22
82 98 21 33 22
80 99 22 33 22
82 98 21 33 22
82 98 21 33 22
80 99 23 33 21
81 98 22 33 22
83 97 21 33 22
79 99 23 33 22
81 98 22 33 22
79 99 24 33 21
80 99 23 33 21
81 98 22 33 22
81 98 22 33 22
81 98 23 33 21
83 97 21 33 22
80 99 22 33 22
82 98 21 33 22
81 98 23 33 21
79 100 23 33 21
80 99 23 33 21
79 99 24 33 21
79 100 24 33 20
80 99 23 33 21
79 99 24 33 21
79 100 24 33 20
77 101 24 33 21
80 99 23 33 21
79 100 24 33 20
79 99 24 33 21
76 102 25 33 20
81 98 23 33 21
76 102 26 33 19
79 99 24 33 21
76 102 26 33 19
79 100 24 33 20
76 102 25 33 20
83 97 19 33 24
76 102 25 33 20
74 104 26 33 19
85 96 17 33 25
81 98 22 33 22
83 97 20 33 23
83 98 20 32 23
81 98 22 33 22
83 97 21 32 23
83 97 20 33 23
82 98 21 33 22
82 98 21 33 22
81 98 22 33 22
82 98 21 33 22
80 99 23 33 21
82 97 22 33 22
83 97 21 33 22
82 98 22 33 21
80 99 22 33 22
83 97 21 33 22
79 99 24 33 21
80 99 23 33 21
80 99 23 33 21
83 97 21 33 22
80 99 22 33 22
81 98 23 33 21
77 101 25 33 20
80 99 23 33 21
77 101 24 33 21
81 98 22 33 22
80 99 23 33 21
77 101 25 33 20
80 99 22 33 22
78 100 25 33 20
78 100 25 33 20
79 100 24 33 20
79 100 24 33 20
76 102 25 33 20
75 103 26 33 19
77 101 25 33 20
77 101 25 33 20
75 103 26 33 19
76 102 26 33 19
75 103 26 33 19
83 97 20 33 23
78 101 23 33 21
80 99 22 33 22
78 100 23 33 22
79 100 23 33 21
82 98 20 33 23
81 98 21 33 23
81 98 21 33 23
79 100 24 33 20
78 101 23 33 21
78 100 23 33 22
78 100 23 33 22
82 98 22 32 22
81 98 21 33 23
79 100 23 33 21
80 99 23 33 21
80 99 22 33 22
78 100 24 33 21
80 99 23 33 21
78 100 25 33 20
80 99 23 33 21
79 100 23 33 21
80 99 22 33 22
78 100 24 33 21
79 100 23 33 21
80 99 22 33 22
79 100 23 33 21
80 99 23 33 21
76 102 25 33 20
78 100 24 33 21
77 101 25 33 20
80 99 23 33 21
77 101 25 33 20
78 100 25 33 20
76 102 26 33 19
77 101 25 33 20
77 101 25 33 20
76 102 26 33 19
77 101 26 33 19
76 102 25 33 20
80 99 24 33 20
77 101 25 33 20
83 97 21 33 22
80 99 22 33 22
82 98 21 33 22
82 98 20 33 23
81 99 21 33 22
82 98 21 33 22
80 99 22 33 22
79 100 23 33 21
82 98 21 33 22
79 100 23 33 21
81 98 22 33 22
81 98 22 33 22
81 98 22 33 22
79 99 23 33 22
80 99 22 33 22
79 100 22 33 22
80 99 23 33 21
81 98 22 33 22
79 100 24 33 20
78 101 24 33 20
80 99 23 33 21
81 98 22 33 22
79 100 23 33 21
78 100 24 33 21
81 98 22 33 22
80 99 22 33 22
79 100 23 33 21
79 100 24 33 20
79 100 23 33 21
80 99 22 33 22
78 101 24 33 20
80 99 23 33 21
79 99 24 33 21
75 103 27 33 18
78 101 24 33 20
76 102 26 33 19
79 99 24 33 21
78 101 24 33 20
75 102 27 33 19
78 100 25 33 20
80 99 22 33 22
81 98 21 33 23
82 98 21 33 22
81 98 22 33 22
80 99 22 33 22
84 97 20 32 23
82 97 21 33 23
82 97 21 33 23
79 100 23 33 21
79 100 24 33 20
81 98 22 33 22
83 97 21 33 22
82 98 21 33 22
81 98 22 33 22
81 98 22 33 22
79 100 23 33 21
80 99 22 33 22
77 101 24 33 21
79 100 23 33 21
80 99 23 33 21
79 100 23 33 21
83 97 21 33 22
79 100 24 33 20
80 99 23 33 21
77 101 25 33 20
78 100 24 33 21
77 101 25 33 20
76 102 26 33 19
78 100 25 33 20
77 101 26 33 19
77 101 26 33 19
81 98 23 33 21
77 101 25 33 20
80 99 23 33 21
78 100 25 33 20
79 100 24 33 20
78 100 25 33 20
77 101 25 33 20
79 99 25 33 20
76 102 26 33 19
88 95 16 32 25
81 98 21 33 23
81 99 22 33 21
83 97 20 33 23
81 98 22 33 22
81 98 22 33 22
84 96 20 33 23
83 97 20 33 23
81 98 22 33 22
81 98 22 33 22
80 99 23 33 21
83 97 21 33 22
82 98 22 33 21
83 97 20 33 23
81 98 23 33 21
82 98 21 33 22
79 99 24 33 21
80 99 22 33 22
83 97 21 33 22
81 98 22 33 22
81 98 23 33 21
79 99 24 33 21
79 100 24 33 20
79 100 24 33 20
79 100 23 33 21
80 99 23 33 21
79 100 23 33 21
78 101 24 33 20
77 101 25 33 20
76 102 25 33 20
77 101 25 33 20
78 100 24 33 21
75 103 26 33 19
76 102 25 33 20
75 103 26 33 19
75 103 26 33 19
76 102 26 33 19
88 95 17 32 24
76 102 26 33 19
74 104 27 33 18
82 98 21 33 22
81 98 22 33 22
81 98 22 33 22
80 99 22 33 22
80 99 23 33 21
78 100 24 33 21
83 97 21 33 22
79 100 23 33 21
81 98 22 33 22
79 100 23 33 21
79 100 23 33 21
78 100 24 33 21
80 99 23 33 21
82 98 21 33 22
80 99 23 33 21
83 97 20 33 23
80 99 23 33 21
80 99 23 33 21
79 99 23 33 22
77 101 24 33 21
82 98 21 33 22
81 98 22 33 22
79 100 23 33 21
78 100 25 33 20
78 101 25 32 20
76 102 26 33 19
80 99 22 33 22
79 100 24 33 20
78 101 24 33 20
74 103 27 33 19
78 100 24 33 21
78 100 25 33 20
78 100 24 33 21
76 102 26 33 19
77 101 25 33 20
76 102 26 33 19
76 102 26 33 19
78 101 24 33 20
77 101 25 33 20
78 101 24 33 20
76 102 25 33 20
80 99 22 33 22
79 100 22 33 22
84 97 20 32 23
80 99 22 33 22
81 98 22 33 22
80 99 22 33 22
82 98 21 33 22
79 100 22 33 22
79 99 23 33 22
81 98 21 33 23
79 100 23 33 21
82 98 21 32 23
81 99 21 33 22
81 98 21 33 23
78 100 23 33 22
80 99 22 33 22
79 100 22 33 22
80 99 23 33 21
82 98 21 33 22
82 98 21 33 22
76 102 24 33 21
79 100 23 33 21
80 99 22 33 22
79 100 24 33 20
80 99 23 33 21
81 98 22 33 22
79 100 24 33 20
79 100 24 33 20
81 98 22 33 22
77 101 25 33 20
78 100 24 33 21
78 100 24 33 21
79 100 24 33 20
79 99 24 33 21
76 102 25 33 20
76 102 25 33 20
77 101 25 33 20
75 103 26 33 19
77 101 25 33 20
76 102 26 33 19
77 101 25 33 20
81 98 21 33 23
82 98 20 33 23
81 98 21 33 23
85 96 20 32 23
82 98 21 33 22
83 97 20 33 23
80 99 22 33 22
81 99 22 32 22
83 97 21 33 22
81 98 22 33 22
82 98 21 33 22
83 97 20 33 23
80 99 22 33 22
80 99 22 33 22
81 98 21 33 23
79 100 23 33 21
81 98 22 33 22
81 98 22 33 22
82 98 21 33 22
79 100 22 33 22
78 100 24 33 21
80 99 22 33 22
80 99 22 33 22
83 97 21 33 22
80 99 23 33 21
79 100 23 33 21
80 99 22 33 22
79 100 24 33 20
78 100 24 33 21
79 100 24 33 20
75 103 26 33 19
77 101 25 33 20
74 104 27 33 18
76 102 26 33 19
77 101 25 33 20
76 102 26 33 19
73 105 27 33 18
73 105 27 33 18
74 103 27 33 19
76 102 26 33 19
83 97 20 33 23
81 98 21 33 23
81 98 22 33 22
85 96 19 32 24
82 97 21 33 23
81 98 21 33 23
78 101 23 33 21
79 100 22 33 22
81 98 21 33 23
82 98 21 33 22
81 98 22 33 22
76 102 24 33 21
81 98 22 33 22
77 101 24 33 21
79 99 23 33 22
81 98 22 33 22
78 100 24 33 21
80 99 22 33 22
80 99 23 33 21
78 100 24 33 21
81 99 22 33 21
79 99 23 33 22
77 101 24 33 21
79 100 23 33 21
77 101 24 33 21
79 100 23 33 21
78 100 24 33 21
80 99 23 33 21
75 103 26 33 19
77 101 25 33 20
77 101 25 33 20
76 102 25 33 20
77 101 26 33 19
78 100 24 33 21
74 104 27 33 18
74 103 27 33 19
74 103 27 33 19
86 96 18 32 24
75 103 26 33 19
73 104 28 33 18
89 94 17 32 24
79 100 22 33 22
80 99 22 33 22
81 98 21 33 23
79 100 23 33 21
84 97 20 32 23
81 99 21 33 22
81 98 21 33 23
83 97 21 32 23
82 98 21 33 22
80 99 22 33 22
79 100 23 33 21
82 98 21 33 22
80 99 22 33 22
81 98 22 33 22
81 98 23 33 21
83 97 21 33 22
81 98 21 33 23
78 100 23 33 22
82 98 21 33 22
82 98 21 33 22
80 99 23 33 21
81 98 22 33 22
79 100 23 33 21
81 98 22 33 22
80 99 23 33 21
83 97 21 33 22
82 98 21 33 22
82 98 22 32 22
80 99 23 33 21
80 99 23 33 21
79 100 24 33 20
81 98 22 33 22
79 99 24 33 21
79 100 23 33 21
78 101 24 33 20
76 102 26 33 19
77 101 26 33 19
74 104 27 33 18
76 102 26 33 19
75 103 27 33 18
