93 93 16 31 23
87 95 18 32 24
86 96 17 32 25
87 95 17 32 25
88 95 16 32 25
87 95 16 32 26
88 95 16 32 25
86 96 18 32 24
86 96 17 32 25
86 95 17 33 25
86 96 18 32 24
86 96 17 32 25
86 96 17 33 24
87 95 17 32 25
86 95 18 33 24
87 95 16 32 26
85 96 18 32 25
84 97 18 32 25
84 96 19 33 24
86 96 18 32 24
85 96 19 32 24
85 96 18 33 24
84 97 18 32 25
85 96 18 33 24
85 96 18 33 24
85 96 18 32 25
86 96 17 32 25
88 95 15 32 26
86 95 17 33 25
87 95 17 32 25
86 96 18 32 24
86 95 18 33 24
87 95 17 32 25
86 96 17 32 25
87 95 17 32 25
88 95 17 32 24
87 95 17 32 25
87 95 17 33 24
86 95 18 33 24
87 95 18 32 24
88 95 16 32 25
85 96 18 33 24
86 95 16 33 26
88 95 16 32 25
85 96 17 33 25
87 95 16 33 25
86 96 17 32 25
87 95 17 32 25
87 95 17 32 25
88 95 16 32 25
87 95 17 32 25
87 95 17 33 24
86 95 17 33 25
85 96 17 33 25
85 96 17 33 25
84 97 17 33 25
86 96 17 32 25
85 96 18 32 25
86 96 18 32 24
86 96 18 32 24
86 96 18 32 24
86 96 18 32 24
86 95 18 33 24
85 96 17 33 25
85 96 18 33 24
86 96 17 32 25
85 96 17 32 26
84 97 18 32 25
83 97 19 33 24
85 96 18 33 24
84 96 19 33 24
84 96 19 33 24
86 96 18 32 24
85 96 18 33 24
85 96 18 33 24
84 96 19 33 24
85 96 17 33 25
86 96 17 32 25
85 96 18 33 24
84 97 18 33 24
86 96 17 32 25
84 96 18 33 25
85 96 19 32 24
87 95 17 32 25
86 96 17 32 25
87 95 17 33 24
87 95 17 32 25
87 95 17 33 24
88 95 16 32 25
88 95 16 32 25
88 95 16 32 25
89 94 16 32 25
87 95 18 32 24
88 95 16 32 25
87 95 17 32 25
86 96 18 32 24
87 95 17 32 25
85 96 18 33 24
85 96 18 33 24
87 95 17 32 25
86 96 17 32 25
86 95 18 33 24
87 95 17 32 25
86 96 18 32 24
86 96 17 32 25
86 96 18 32 24
85 96 19 32 24
86 95 18 33 24
87 95 17 33 24
86 96 17 32 25
86 96 17 33 24
84 96 19 33 24
86 95 18 33 24
87 95 17 33 24
87 95 17 32 25
87 95 18 32 24
87 95 17 32 25
86 95 18 33 24
86 95 18 33 24
88 95 16 32 25
87 95 17 33 24
86 96 18 32 24
85 96 19 33 23
86 96 18 32 24
83 97 19 33 24
83 97 19 33 24
84 97 18 33 24
84 97 18 33 24
85 96 18 33 24
84 96 19 33 24
85 96 18 33 24
85 96 18 33 24
85 96 19 32 24
84 96 20 33 23
86 95 18 33 24
85 96 18 33 24
84 97 18 33 24
85 96 18 33 24
84 97 19 33 23
85 96 18 33 24
85 96 18 33 24
86 95 17 33 25
83 97 19 33 24
84 97 18 33 24
85 96 17 33 25
86 96 17 33 24
87 95 17 32 25
87 95 17 33 24
88 95 16 32 25
87 95 17 32 25
86 95 18 33 24
87 95 17 32 25
89 94 16 32 25
89 94 16 32 25
88 95 16 32 25
89 94 16 32 25
88 95 16 32 25
89 94 16 32 25
88 95 16 32 25
89 94 16 32 25
88 95 16 32 25
86 95 19 32 24
87 95 18 32 24
88 95 17 32 24
88 95 17 32 24
87 95 18 32 24
89 94 16 32 25
88 95 16 32 25
88 95 16 32 25
87 95 17 32 25
87 95 17 32 25
88 95 16 32 25
87 95 17 33 24
88 95 16 32 25
86 96 17 32 25
86 96 18 32 24
86 95 18 33 24
87 95 17 32 25
87 95 17 32 25
88 95 17 32 24
87 95 17 32 25
86 95 18 33 24
86 95 18 33 24
87 95 17 32 25
86 95 17 33 25
87 95 17 32 25
86 96 17 32 25
86 95 18 33 24
85 96 18 33 24
88 95 16 32 25
88 95 16 32 25
87 95 18 32 24
87 95 18 32 24
87 95 17 32 25
86 95 19 32 24
86 95 19 33 23
86 95 18 33 24
88 95 17 32 24
87 95 17 32 25
86 95 18 33 24
85 96 19 33 23
86 95 17 33 25
85 96 18 32 25
85 96 18 33 24
85 96 18 32 25
86 95 18 33 24
87 95 18 32 24
87 95 17 32 25
86 96 18 32 24
85 96 19 32 24
85 96 19 33 23
85 96 19 32 24
85 96 19 33 23
85 96 18 33 24
85 96 18 32 25
84 96 19 33 24
85 96 18 33 24
85 96 19 33 23
85 96 17 33 25
87 95 16 32 26
85 96 18 33 24
88 95 16 32 25
86 95 19 33 23
88 95 17 32 24
87 95 17 32 25
87 95 17 33 24
85 96 18 33 24
88 95 17 32 24
89 94 17 32 24
87 95 18 32 24
87 95 17 32 25
88 95 17 32 24
89 94 16 32 25
88 95 17 32 24
89 94 16 32 25
89 94 16 32 25
88 95 17 32 24
88 95 17 32 24
87 95 18 32 24
89 94 16 32 25
87 95 18 32 24
88 95 16 32 25
87 95 17 32 25
85 96 18 33 24
88 95 15 32 26
86 96 18 32 24
87 95 17 32 25
87 95 17 32 25
85 96 18 33 24
87 95 17 32 25
85 96 18 33 24
86 95 17 33 25
86 95 17 33 25
86 96 17 32 25
87 95 18 32 24
87 95 17 32 25
86 95 18 32 25
87 95 17 32 25
87 95 18 32 24
86 95 18 33 24
87 95 17 32 25
86 96 17 32 25
85 96 18 32 25
85 96 18 33 24
86 96 18 32 24
84 96 19 33 24
88 95 17 32 24
87 95 18 32 24
88 94 17 32 25
87 95 18 32 24
89 94 17 32 24
88 94 17 33 24
86 95 19 33 23
88 94 18 32 24
86 95 19 33 23
87 95 18 32 24
86 95 18 33 24
87 95 18 32 24
85 96 18 33 24
85 96 18 33 24
85 96 18 33 24
85 96 18 33 24
84 97 18 33 24
85 96 18 33 24
84 96 19 33 24
86 96 18 32 24
84 96 19 33 24
87 95 18 32 24
86 95 19 32 24
85 96 19 32 24
87 95 18 32 24
87 95 18 32 24
86 95 19 32 24
85 96 19 33 23
85 96 19 32 24
86 95 18 33 24
85 95 19 33 24
85 96 18 33 24
85 96 18 33 24
84 96 19 33 24
83 97 19 33 24
84 96 19 33 24
87 95 16 33 25
88 95 16 32 25
87 95 17 32 25
87 95 17 32 25
86 96 18 32 24
87 95 17 32 25
88 95 17 32 24
86 95 18 33 24
88 95 16 32 25
87 95 18 32 24
89 94 17 32 24
88 95 17 32 24
89 94 17 32 24
89 94 17 32 24
90 94 16 32 24
88 94 18 32 24
90 94 16 32 24
89 94 16 32 25
90 93 16 32 25
89 94 17 32 24
90 94 15 32 25
89 94 17 32 24
87 95 18 32 24
89 94 17 32 24
88 94 18 32 24
87 95 18 32 24
89 94 17 32 24
88 94 18 32 24
88 94 18 32 24
89 94 16 32 25
88 94 18 32 24
88 94 18 32 24
88 95 17 32 24
87 95 17 33 24
88 95 16 32 25
87 95 17 33 24
86 95 18 33 24
87 95 17 32 25
87 95 18 32 24
87 95 17 32 25
87 95 16 33 25
85 96 17 33 25
86 96 17 32 25
87 95 17 33 24
87 95 17 33 24
88 95 17 32 24
87 95 17 32 25
86 95 17 33 25
87 95 17 32 25
86 96 17 32 25
86 96 16 32 26
86 96 18 32 24
86 95 19 32 24
86 95 18 33 24
86 95 19 32 24
87 95 18 32 24
89 94 17 32 24
88 94 18 32 24
88 94 18 32 24
88 94 18 32 24
87 95 18 32 24
89 94 17 32 24
88 94 18 32 24
87 95 17 32 25
86 96 17 32 25
86 96 17 32 25
84 97 18 33 24
86 96 17 32 25
86 96 18 32 24
84 97 19 32 24
86 95 19 32 24
87 95 19 32 23
87 95 18 32 24
88 94 18 32 24
87 95 18 32 24
85 96 19 33 23
87 95 19 32 23
87 95 18 32 24
85 96 18 33 24
86 96 18 32 24
85 96 19 32 24
85 96 18 33 24
85 96 19 32 24
86 95 19 32 24
85 96 18 33 24
85 96 18 33 24
86 95 17 33 25
87 95 18 32 24
87 95 17 32 25
88 95 16 32 25
89 94 16 32 25
87 95 18 32 24
88 95 17 32 24
89 94 17 32 24
89 94 16 32 25
88 94 18 32 24
89 94 17 32 24
91 93 15 32 25
90 93 16 32 25
90 93 17 32 24
90 94 16 32 24
91 93 16 32 24
90 93 16 32 25
89 94 17 32 24
90 93 17 32 24
89 94 17 32 24
89 94 17 32 24
90 93 16 32 25
89 94 17 32 24
90 93 16 32 25
90 93 16 32 25
89 94 17 32 24
91 93 16 32 24
90 93 17 32 24
89 94 17 32 24
90 94 16 32 24
90 94 16 32 24
89 94 16 32 25
89 94 17 32 24
87 95 18 32 24
89 94 17 32 24
88 95 16 32 25
87 95 17 33 24
87 95 17 32 25
88 95 17 32 24
88 95 16 32 25
86 96 17 32 25
87 95 18 32 24
86 95 18 33 24
85 96 19 32 24
88 95 17 32 24
88 94 17 32 25
89 94 17 32 24
89 94 16 32 25
88 95 17 32 24
86 95 18 33 24
86 96 18 32 24
87 95 18 32 24
87 95 17 32 25
86 95 18 33 24
87 95 17 32 25
87 95 18 32 24
87 95 18 32 24
87 95 19 32 23
88 94 18 32 24
88 94 18 32 24
88 94 18 32 24
88 94 18 32 24
88 94 18 32 24
88 95 17 32 24
87 95 18 32 24
87 95 17 32 25
84 96 20 33 23
83 97 19 33 24
85 96 18 33 24
85 96 18 33 24
86 96 18 32 24
86 95 19 33 23
87 95 18 32 24
87 95 18 32 24
88 94 18 32 24
87 94 19 32 24
88 94 18 32 24
87 94 18 33 24
87 95 18 32 24
88 94 17 32 25
87 95 18 32 24
85 96 19 33 23
85 96 18 33 24
85 96 18 33 24
87 95 17 32 25
86 96 18 32 24
88 94 18 32 24
88 94 18 32 24
88 94 18 32 24
85 96 17 33 25
88 95 16 32 25
87 95 17 32 25
86 96 17 32 25
86 95 17 33 25
87 95 18 32 24
88 95 17 32 24
90 94 15 32 25
90 94 15 32 25
88 94 18 32 24
90 93 16 32 25
89 94 17 32 24
88 94 17 32 25
89 94 17 32 24
88 94 18 32 24
88 94 18 32 24
89 94 17 32 24
87 94 18 33 24
89 93 17 33 24
89 93 17 33 24
87 94 19 33 23
90 93 16 32 25
89 94 17 32 24
89 94 17 32 24
91 93 16 32 24
88 94 18 32 24
90 94 16 32 24
87 95 18 32 24
89 94 16 32 25
89 94 16 32 25
89 94 16 32 25
88 95 17 32 24
87 95 17 32 25
86 95 18 33 24
86 95 17 33 25
88 95 16 32 25
87 95 17 32 25
87 95 17 32 25
86 96 18 32 24
87 95 18 32 24
90 94 15 32 25
89 94 17 32 24
89 94 16 32 25
90 94 16 31 25
86 94 19 33 24
89 93 18 32 24
88 94 18 32 24
87 94 18 33 24
90 93 17 32 24
89 94 17 32 24
89 94 17 32 24
87 95 17 32 25
88 94 17 32 25
88 94 17 32 25
86 96 18 32 24
87 95 17 32 25
83 97 19 33 24
85 96 18 33 24
86 95 18 33 24
88 95 17 32 24
88 94 18 32 24
88 94 18 32 24
87 94 19 33 23
87 94 19 32 24
89 93 17 32 25
88 94 18 32 24
87 95 19 32 23
87 95 18 32 24
88 95 16 32 25
85 96 19 32 24
86 96 17 32 25
86 96 18 32 24
87 95 17 32 25
84 96 19 33 24
87 95 18 32 24
89 94 17 32 24
88 94 18 32 24
87 95 19 32 23
86 95 19 32 24
86 95 19 33 23
86 94 19 33 24
86 94 19 33 24
87 95 18 32 24
87 95 18 32 24
86 95 19 32 24
87 95 18 32 24
85 96 19 32 24
86 96 18 32 24
85 96 17 33 25
86 96 18 32 24
88 94 18 32 24
87 95 17 33 24
87 95 16 32 26
88 94 16 33 25
86 95 18 33 24
87 95 17 33 24
88 95 17 32 24
89 94 16 32 25
89 94 17 32 24
89 94 16 32 25
89 94 16 32 25
90 93 16 32 25
89 94 17 32 24
87 94 19 32 24
89 93 17 32 25
87 94 17 33 25
92 93 14 31 26
85 95 19 33 24
89 93 17 32 25
87 94 18 33 24
89 94 17 32 24
90 93 16 32 25
90 93 16 32 25
89 94 17 32 24
89 94 16 32 25
88 94 17 32 25
88 95 17 32 24
87 95 17 32 25
86 96 17 32 25
87 95 17 32 25
87 95 16 33 25
86 96 17 32 25
87 95 17 32 25
87 95 17 32 25
87 95 18 32 24
89 94 16 32 25
89 94 16 32 25
87 95 18 32 24
89 94 16 32 25
90 93 16 32 25
89 94 16 32 25
89 94 16 32 25
89 94 16 32 25
86 95 18 33 24
87 95 17 33 24
87 95 17 32 25
86 96 17 32 25
86 96 18 32 24
85 96 17 33 25
86 95 18 33 24
88 95 16 32 25
87 95 17 32 25
88 94 17 32 25
88 94 17 33 24
87 94 19 32 24
88 94 17 32 25
88 95 17 32 24
87 94 18 33 24
87 94 18 33 24
88 94 17 32 25
87 95 17 33 24
86 95 18 32 25
86 96 18 32 24
85 96 17 33 25
86 96 17 32 25
87 95 16 33 25
84 97 18 33 24
86 96 18 32 24
85 96 19 33 23
85 96 19 33 23
87 95 18 32 24
87 95 18 32 24
87 94 19 32 24
88 94 18 32 24
85 95 20 33 23
87 94 19 32 24
89 94 17 32 24
89 94 17 32 24
88 94 17 32 25
87 95 18 32 24
86 95 19 33 23
85 96 18 33 24
85 96 18 32 25
85 96 18 32 25
87 95 18 32 24
87 95 18 32 24
87 95 16 33 25
86 96 17 33 24
87 95 17 32 25
86 96 18 32 24
87 95 18 32 24
88 95 16 32 25
88 94 17 32 25
86 95 19 33 23
88 95 16 32 25
88 94 17 32 25
89 94 16 32 25
87 95 18 32 24
90 93 16 32 25
88 94 17 32 25
88 94 17 32 25
89 93 17 32 25
88 94 18 32 24
90 93 16 32 25
88 94 18 32 24
89 94 16 32 25
88 94 17 32 25
87 95 18 32 24
87 95 17 32 25
89 94 15 32 26
88 95 16 32 25
87 95 16 32 26
86 96 17 32 25
87 95 17 32 25
86 96 17 32 25
87 95 16 33 25
86 96 17 32 25
87 95 18 32 24
85 96 19 33 23
88 94 17 32 25
88 94 17 32 25
89 94 17 32 24
86 94 19 33 24
88 94 18 32 24
90 93 16 32 25
89 94 16 32 25
87 95 18 32 24
85 96 18 32 25
86 95 18 33 24
86 96 16 32 26
85 96 17 33 25
86 96 18 32 24
86 95 17 33 25
86 96 18 32 24
87 95 18 32 24
87 95 17 32 25
87 94 19 32 24
87 94 18 33 24
88 93 17 33 25
87 95 18 32 24
87 95 17 32 25
88 95 16 32 25
86 95 18 33 24
87 95 17 32 25
85 96 18 33 24
85 96 18 33 24
85 96 18 33 24
85 96 18 33 24
86 96 17 32 25
85 96 19 33 23
86 96 18 32 24
87 95 18 32 24
87 95 18 32 24
87 94 19 33 23
86 95 19 32 24
87 94 18 33 24
87 94 19 33 23
87 95 18 32 24
87 95 18 32 24
86 95 18 33 24
85 95 19 33 24
86 96 17 32 25
85 96 18 33 24
84 96 19 33 24
84 96 19 33 24
85 96 17 33 25
86 96 17 32 25
85 96 19 32 24
87 95 17 32 25
86 96 18 32 24
85 96 19 33 23
87 95 18 32 24
86 95 18 33 24
87 95 18 32 24
86 95 19 33 23
88 94 19 32 23
88 94 18 32 24
85 95 19 33 24
87 94 18 33 24
87 94 18 33 24
87 95 18 32 24
89 94 17 32 24
88 94 18 32 24
85 95 20 33 23
87 95 18 32 24
85 96 19 33 23
87 95 17 32 25
86 96 18 32 24
87 95 18 32 24
87 95 17 32 25
84 96 19 33 24
86 96 17 32 25
85 96 18 33 24
84 96 18 33 25
86 96 16 32 26
87 95 17 32 25
87 95 17 32 25
89 94 17 32 24
90 93 17 32 24
87 94 18 33 24
88 94 18 32 24
88 94 18 32 24
87 95 17 32 25
88 95 17 32 24
87 95 17 33 24
86 96 17 32 25
86 96 17 32 25
87 95 17 32 25
88 95 17 32 24
88 94 18 32 24
86 94 19 33 24
87 94 18 33 24
88 94 17 32 25
89 94 17 32 24
90 94 16 32 24
87 95 18 32 24
88 95 17 32 24
85 96 18 33 24
87 95 16 32 26
88 95 16 32 25
86 96 18 32 24
87 95 17 32 25
88 95 16 32 25
87 95 18 32 24
89 94 17 32 24
91 93 16 31 25
88 94 18 32 24
88 94 17 32 25
90 93 16 32 25
91 93 16 31 25
88 94 17 32 25
87 95 17 33 24
89 94 17 32 24
88 95 16 32 25
87 95 18 32 24
88 95 16 32 25
87 95 16 33 25
85 96 18 32 25
86 96 17 32 25
85 96 18 33 24
84 96 19 33 24
85 96 18 33 24
84 96 20 33 23
87 95 17 32 25
88 95 17 32 24
88 95 17 32 24
86 95 19 33 23
88 94 18 32 24
88 94 19 32 23
89 94 17 32 24
88 94 18 32 24
86 94 19 33 24
86 95 19 32 24
87 94 18 33 24
88 94 18 32 24
88 94 18 32 24
87 95 18 32 24
86 95 18 33 24
87 95 18 32 24
88 95 17 32 24
87 95 17 32 25
85 96 19 33 23
85 96 19 33 23
84 96 19 33 24
85 96 18 33 24
85 96 18 32 25
85 96 18 32 25
87 95 17 32 25
87 95 17 32 25
86 96 18 32 24
89 94 16 32 25
87 95 18 32 24
88 94 18 32 24
88 94 17 33 24
88 94 17 32 25
87 95 18 32 24
88 94 17 32 25
89 94 16 32 25
86 96 18 32 24
86 96 17 32 25
86 96 18 32 24
85 96 18 33 24
88 95 17 32 24
88 95 17 32 24
89 94 17 32 24
89 94 17 32 24
91 93 16 32 24
89 94 17 32 24
86 95 17 33 25
88 94 18 32 24
90 93 17 32 24
89 94 17 32 24
89 94 17 32 24
88 95 17 32 24
88 95 17 32 24
87 95 18 32 24
86 96 18 32 24
88 95 16 32 25
86 96 17 32 25
86 96 17 32 25
89 94 17 32 24
90 93 16 32 25
88 94 17 32 25
89 93 17 32 25
88 94 16 32 26
89 93 17 32 25
88 94 18 32 24
90 93 16 32 25
89 94 17 32 24
87 95 17 32 25
86 96 18 32 24
87 95 17 33 24
85 96 18 33 24
87 95 17 32 25
89 94 16 32 25
90 93 16 32 25
87 95 17 32 25
89 94 16 32 25
89 94 16 32 25
87 95 17 32 25
85 96 18 33 24
85 96 18 33 24
85 96 18 33 24
86 96 18 32 24
85 96 18 33 24
85 96 19 33 23
86 95 19 33 23
87 95 18 32 24
86 95 19 33 23
86 95 19 32 24
87 95 19 32 23
88 94 18 32 24
86 95 19 33 23
85 95 20 33 23
86 94 19 33 24
86 94 19 33 24
85 95 20 33 23
87 94 18 33 24
87 94 19 33 23
89 94 17 32 24
89 94 17 32 24
87 95 18 32 24
88 95 17 32 24
87 95 17 32 25
87 95 18 32 24
87 95 18 32 24
84 96 19 33 24
85 96 18 33 24
86 96 18 32 24
85 96 19 32 24
84 97 18 33 24
88 95 16 32 25
85 96 19 32 24
87 95 18 32 24
88 94 17 32 25
89 94 17 32 24
88 94 18 32 24
87 94 18 33 24
88 94 17 32 25
87 94 18 33 24
88 94 18 32 24
87 94 18 33 24
86 95 18 32 25
88 94 17 32 25
91 93 16 32 24
89 94 17 32 24
88 95 16 32 25
88 95 17 32 24
86 95 18 33 24
86 96 16 33 25
86 96 18 32 24
86 96 18 32 24
87 95 17 32 25
87 95 18 32 24
87 95 18 32 24
88 94 17 32 25
87 95 18 32 24
88 94 18 32 24
88 94 18 32 24
88 94 17 33 24
88 94 17 32 25
87 94 18 33 24
88 94 18 32 24
88 94 17 32 25
88 94 18 32 24
90 93 17 32 24
88 95 17 32 24
89 94 17 32 24
88 95 17 32 24
88 95 16 32 25
85 96 18 33 24
86 96 18 32 24
87 95 17 32 25
85 96 17 33 25
87 95 17 32 25
88 95 16 32 25
88 95 17 32 24
88 94 18 32 24
90 93 16 32 25
89 94 17 32 24
88 94 18 32 24
89 93 17 32 25
89 93 17 32 25
90 93 16 32 25
90 93 16 32 25
91 93 15 32 25
90 94 16 32 24
89 94 16 32 25
87 95 17 32 25
87 95 17 32 25
89 94 16 32 25
89 94 16 32 25
85 96 18 33 24
86 96 17 32 25
85 96 19 33 23
85 96 18 33 24
86 95 18 33 24
86 96 18 32 24
86 96 18 32 24
85 96 19 33 23
88 95 17 32 24
87 95 18 32 24
87 95 18 32 24
87 95 19 32 23
88 94 18 32 24
87 94 19 33 23
87 94 19 32 24
87 94 18 32 25
87 94 19 33 23
86 94 19 33 24
87 94 19 32 24
87 95 18 32 24
87 94 19 32 24
88 94 18 32 24
87 95 19 32 23
87 95 18 32 24
88 95 17 32 24
87 95 17 32 25
87 95 18 32 24
86 95 18 33 24
86 95 18 33 24
86 96 17 33 24
85 96 18 33 24
84 96 19 33 24
85 96 17 33 25
87 95 17 32 25
88 95 16 32 25
88 95 17 32 24
89 94 17 32 24
89 94 16 32 25
88 94 17 32 25
88 94 18 32 24
89 94 17 32 24
88 94 18 32 24
90 93 17 32 24
88 94 18 32 24
89 94 17 32 24
89 94 17 32 24
89 94 17 32 24
89 94 17 32 24
88 95 17 32 24
87 95 17 32 25
87 95 17 32 25
87 95 18 32 24
87 95 17 32 25
87 95 17 32 25
88 95 17 32 24
86 95 19 32 24
89 94 17 32 24
89 94 17 32 24
90 93 17 32 24
89 94 17 32 24
90 93 17 32 24
88 94 18 32 24
89 94 17 32 24
89 94 17 32 24
87 94 19 32 24
89 94 17 32 24
90 93 17 32 24
89 94 17 32 24
89 94 17 32 24
88 94 18 32 24
89 94 17 32 24
87 95 18 32 24
87 95 17 32 25
86 95 17 33 25
86 96 17 32 25
86 96 17 32 25
88 95 16 32 25
89 94 16 32 25
88 95 16 32 25
90 94 15 32 25
90 93 16 32 25
90 94 16 32 24
90 94 16 32 24
89 94 17 32 24
89 94 16 32 25
89 94 16 32 25
89 94 16 32 25
87 95 17 32 25
87 95 17 32 25
88 95 16 32 25
83 97 18 33 25
82 98 19 33 24
87 95 17 32 25
85 96 19 33 23
85 96 18 32 25
85 96 19 32 24
86 95 18 33 24
87 95 18 32 24
87 95 18 32 24
86 95 19 32 24
86 95 19 33 23
87 95 18 32 24
86 95 19 32 24
88 94 18 32 24
87 95 18 32 24
87 95 18 32 24
87 94 18 33 24
87 94 19 32 24
87 95 18 32 24
87 95 19 32 23
88 94 18 32 24
87 95 19 32 23
87 95 19 32 23
86 95 19 32 24
87 95 18 32 24
88 94 18 32 24
86 95 19 32 24
85 96 19 33 23
84 96 19 33 24
85 96 18 33 24
86 95 18 33 24
84 96 19 33 24
86 96 17 32 25
83 97 19 33 24
84 97 18 33 24
84 97 17 33 25
87 95 17 32 25
88 95 17 32 24
87 95 18 32 24
87 95 18 32 24
88 94 18 32 24
87 95 18 32 24
89 94 16 32 25
89 94 16 32 25
89 94 17 32 24
89 94 17 32 24
90 94 16 32 24
87 95 18 32 24
86 95 19 33 23
85 96 19 32 24
87 95 17 32 25
87 95 16 32 26
85 96 17 33 25
83 97 18 33 25
87 95 17 32 25
87 95 17 32 25
87 95 17 32 25
89 94 16 32 25
89 94 17 32 24
89 94 17 32 24
88 95 17 32 24
89 94 17 32 24
90 94 16 32 24
89 94 17 32 24
90 93 16 32 25
89 94 17 32 24
88 94 18 32 24
89 94 16 32 25
88 94 18 32 24
87 95 18 32 24
87 95 17 33 24
88 95 16 32 25
86 95 18 33 24
85 96 17 33 25
88 95 16 32 25
88 95 16 32 25
88 95 16 32 25
89 94 16 32 25
89 94 16 32 25
87 95 18 32 24
89 94 16 32 25
90 94 16 32 24
90 94 16 32 24
90 94 15 32 25
89 94 16 32 25
87 95 17 33 24
88 95 17 32 24
87 95 17 32 25
85 96 17 33 25
86 96 16 32 26
83 97 19 33 24
82 98 20 33 23
84 97 18 33 24
86 96 18 32 24
86 96 18 32 24
85 96 19 33 23
85 96 19 33 23
86 96 18 32 24
87 95 18 32 24
87 95 18 32 24
86 95 19 32 24
85 96 19 33 23
85 96 19 32 24
86 95 19 33 23
86 95 19 32 24
87 95 19 32 23
88 95 17 32 24
87 95 18 32 24
88 95 17 32 24
87 95 18 32 24
87 95 18 32 24
87 95 18 32 24
87 95 18 32 24
87 95 18 32 24
85 96 19 33 23
85 96 19 33 23
85 96 19 32 24
84 97 19 32 24
85 96 18 33 24
84 97 19 32 24
84 97 18 33 24
83 97 19 33 24
84 97 18 33 24
87 95 17 32 25
88 95 17 32 24
87 95 17 32 25
87 95 17 32 25
88 94 17 32 25
88 95 17 32 24
88 95 17 32 24
89 94 17 32 24
89 94 16 32 25
89 94 16 32 25
88 95 16 32 25
87 95 17 32 25
87 95 18 32 24
84 96 18 33 25
85 96 17 33 25
85 96 17 33 25
87 95 17 32 25
87 95 17 32 25
86 95 18 33 24
87 95 18 32 24
87 95 18 32 24
89 94 16 32 25
88 94 17 32 25
87 95 18 32 24
85 96 18 33 24
85 96 18 33 24
86 96 17 32 25
87 95 16 32 26
85 96 18 32 25
84 97 18 33 24
88 95 17 32 24
88 94 17 32 25
87 95 17 32 25
88 95 16 32 25
89 94 16 32 25
88 94 17 32 25
87 95 18 32 24
88 95 16 32 25
87 95 17 32 25
89 94 17 32 24
90 94 15 32 25
89 94 17 32 24
89 94 16 32 25
88 95 17 32 24
89 94 16 32 25
90 94 15 32 25
89 94 17 32 24
89 94 17 32 24
86 95 18 33 24
87 95 17 32 25
85 96 18 33 24
85 96 17 33 25
85 96 18 33 24
86 96 17 33 24
85 96 19 33 23
85 96 19 33 23
86 96 18 32 24
87 95 17 32 25
86 95 18 33 24
85 96 19 33 23
86 96 17 32 25
88 95 16 32 25
86 95 18 32 25
87 95 18 32 24
86 96 18 32 24
86 95 19 32 24
87 95 18 32 24
86 95 18 33 24
88 94 17 32 25
86 95 18 33 24
86 96 19 32 23
86 96 18 32 24
87 95 17 32 25
86 96 18 32 24
85 96 19 33 23
85 96 18 33 24
84 97 19 33 23
85 96 17 33 25
87 95 17 32 25
88 95 16 32 25
86 96 18 32 24
87 95 17 32 25
88 95 17 32 24
87 95 17 32 25
86 95 18 33 24
88 95 17 32 24
89 94 16 32 25
87 95 18 32 24
88 95 16 32 25
88 95 17 32 24
87 95 17 32 25
86 96 18 32 24
87 95 17 32 25
84 97 18 33 24
85 96 17 33 25
87 95 17 32 25
87 95 17 32 25
86 95 18 33 24
88 95 17 32 24
88 95 16 32 25
88 95 17 32 24
87 95 17 32 25
89 94 16 32 25
87 95 18 32 24
87 95 18 32 24
86 96 18 32 24
87 95 17 32 25
85 96 18 33 24
85 96 17 32 26
86 96 17 32 25
88 95 16 32 25
87 95 17 33 24
88 95 16 32 25
87 95 17 32 25
87 95 18 32 24
89 94 15 32 26
89 94 16 32 25
87 95 17 33 24
88 94 17 32 25
88 95 16 32 25
88 95 16 32 25
86 96 18 32 24
88 95 16 32 25
89 94 16 32 25
89 94 16 32 25
84 97 18 32 25
83 97 19 33 24
85 96 18 33 24
86 95 18 33 24
87 95 17 33 24
86 96 18 32 24
85 96 19 32 24
86 96 18 32 24
85 96 19 33 23
85 96 18 33 24
86 95 18 33 24
86 95 18 33 24
86 95 18 33 24
86 96 18 32 24
87 95 17 32 25
86 96 18 32 24
84 96 19 33 24
86 96 18 32 24
86 95 18 33 24
85 96 18 32 25
86 96 18 32 24
86 96 17 32 25
85 96 19 33 23
84 97 18 32 25
85 96 17 32 26
84 96 18 33 25
88 95 17 32 24
87 95 17 32 25
87 95 17 32 25
88 95 17 32 24
87 95 17 32 25
87 95 17 32 25
88 95 17 32 24
87 95 17 32 25
87 95 16 32 26
86 96 16 32 26
86 96 17 32 25
87 95 17 32 25
87 95 17 32 25
87 95 18 32 24
87 95 17 32 25
87 95 17 32 25
87 95 18 32 24
88 95 16 32 25
88 95 16 32 25
88 95 16 32 25
87 95 17 32 25
87 95 18 32 24
88 95 16 32 25
88 95 16 32 25
87 95 17 32 25
87 95 18 32 24
87 95 17 33 24
88 95 16 32 25
87 95 17 32 25
88 95 16 32 25
89 94 16 32 25
88 95 16 32 25
89 94 16 32 25
85 96 16 33 26
84 97 17 33 25
85 96 17 33 25
82 98 19 33 24
85 96 18 33 24
86 96 17 32 25
86 96 18 32 24
86 95 17 33 25
85 96 18 33 24
85 96 18 33 24
84 96 19 33 24
86 96 18 32 24
86 96 18 32 24
84 97 18 32 25
85 96 19 32 24
85 96 18 33 24
85 96 18 32 25
83 97 18 33 25
83 97 19 33 24
85 96 17 33 25
86 96 16 32 26
85 96 17 33 25
83 97 19 33 24
85 96 18 32 25
86 96 18 32 24
87 95 17 32 25
87 95 17 32 25
87 95 18 32 24
88 95 16 32 25
86 96 17 32 25
87 95 17 32 25
84 97 18 32 25
84 96 18 33 25
84 97 18 33 24
87 95 16 32 26
86 96 17 32 25
87 95 17 32 25
86 96 18 32 24
87 95 17 32 25
86 96 17 32 25
86 96 17 32 25
85 96 18 32 25
85 96 17 33 25
87 95 17 32 25
88 95 16 32 25
87 95 17 32 25
88 95 16 32 25
88 95 16 32 25
87 95 17 32 25
87 95 17 32 25
86 96 16 32 26
85 96 17 33 25
86 96 16 33 25
86 96 16 32 26
88 95 16 32 25
86 96 17 32 25
85 96 17 33 25
85 96 17 33 25
82 97 20 33 24
86 96 18 32 24
84 97 19 33 23
83 97 19 33 24
84 96 18 33 25
84 97 18 32 25
84 97 18 33 24
86 96 16 32 26
87 95 17 32 25
84 97 19 33 23
84 96 18 33 25
87 95 17 32 25
87 95 17 32 25
84 97 18 32 25
86 96 16 32 26
87 95 17 32 25
86 96 17 32 25
88 95 16 32 25
87 95 17 32 25
86 96 16 33 25
84 96 19 33 24
86 96 17 32 25
87 95 17 32 25
88 95 16 32 25
88 95 16 32 25
85 96 18 33 24
85 96 18 33 24
85 96 18 33 24
87 95 17 32 25
86 96 18 32 24
86 96 17 32 25
86 96 17 32 25
87 95 17 32 25
87 95 17 32 25
86 96 17 32 25
85 96 18 32 25
84 97 18 33 24
85 96 18 33 24
86 95 18 33 24
85 96 17 33 25
83 97 19 33 24
86 96 15 32 27
84 96 19 33 24
85 96 18 33 24
87 95 17 32 25
87 95 17 32 25
86 96 18 32 24
87 95 16 33 25
86 96 17 32 25
85 96 18 32 25
86 96 17 32 25
86 96 18 32 24
87 95 17 32 25
87 96 16 32 25
85 96 18 33 24
88 95 16 32 25
87 95 17 32 25
87 95 17 32 25
88 95 16 32 25
86 96 18 32 24
87 95 17 32 25
86 95 18 33 24
85 96 18 32 25
87 95 17 32 25
86 96 17 32 25
86 96 18 32 24
85 96 18 33 24
87 95 17 32 25
88 95 16 32 25
87 95 17 32 25
85 96 18 33 24
86 96 18 32 24
85 96 18 33 24
86 96 17 32 25
87 95 17 32 25
85 96 18 33 24
85 96 18 33 24
85 96 18 33 24
85 96 18 33 24
86 96 17 32 25
86 96 18 32 24
86 96 17 32 25
85 96 18 32 25
86 96 18 32 24
86 96 17 32 25
86 96 17 32 25
83 97 20 33 23
85 96 18 33 24
83 97 20 33 23
85 96 18 33 24
84 96 19 33 24
85 96 18 33 24
85 96 19 33 23
84 97 19 33 23
85 96 18 32 25
84 97 17 33 25
85 96 19 33 23
84 96 19 33 24
87 95 16 32 26
86 96 17 32 25
86 96 17 32 25
87 95 17 32 25
86 96 17 32 25
86 96 17 32 25
87 95 17 32 25
87 95 17 33 24
88 95 16 32 25
86 95 17 33 25
88 95 16 32 25
87 95 17 32 25
86 96 18 32 24
87 95 17 32 25
88 95 16 32 25
87 95 18 32 24
87 95 17 32 25
85 96 18 33 24
85 96 18 33 24
87 95 17 32 25
86 96 17 32 25
86 96 17 32 25
86 96 18 32 24
85 96 18 33 24
84 96 19 33 24
87 95 17 33 24
86 95 18 33 24
86 95 18 32 25
88 95 17 32 24
86 96 17 32 25
87 95 17 32 25
86 96 17 32 25
85 96 18 32 25
87 95 17 32 25
87 95 17 32 25
86 95 18 33 24
85 96 18 32 25
88 95 16 32 25
86 96 18 32 24
86 96 18 32 24
87 95 17 32 25
86 96 18 32 24
84 96 19 33 24
86 96 18 32 24
85 96 18 33 24
84 97 19 33 23
85 96 18 33 24
84 96 19 33 24
85 96 18 33 24
84 96 19 33 24
85 96 19 32 24
85 96 18 33 24
83 97 20 33 23
85 96 18 33 24
85 96 19 32 24
85 96 18 33 24
87 95 17 32 25
87 95 18 32 24
84 97 19 32 24
85 96 18 33 24
85 96 18 33 24
87 95 16 33 25
85 96 18 33 24
84 96 19 33 24
85 96 18 32 25
88 95 16 32 25
87 95 17 32 25
88 95 16 32 25
86 95 18 33 24
86 95 17 33 25
86 96 18 32 24
88 95 16 32 25
88 95 16 32 25
87 95 17 32 25
87 95 17 32 25
87 95 17 33 24
87 95 17 32 25
86 95 18 33 24
87 95 17 32 25
87 95 17 32 25
86 96 18 32 24
88 95 16 32 25
87 95 18 32 24
88 95 16 32 25
87 95 17 32 25
88 95 16 32 25
89 94 16 32 25
89 94 16 32 25
88 95 17 32 24
86 96 18 32 24
87 95 17 32 25
87 95 17 32 25
86 96 17 32 25
85 96 18 32 25
87 95 16 32 26
87 95 16 32 26
87 95 17 32 25
85 96 18 33 24
86 96 18 32 24
86 96 17 32 25
86 95 18 33 24
86 96 17 32 25
87 95 18 32 24
87 95 18 32 24
87 95 17 32 25
85 96 18 32 25
86 96 17 32 25
86 96 17 32 25
85 96 19 32 24
85 96 18 33 24
86 95 17 33 25
87 95 18 32 24
85 96 18 33 24
85 96 18 33 24
85 96 18 33 24
85 96 18 33 24
86 96 18 32 24
87 95 18 32 24
87 95 17 32 25
88 95 17 32 24
87 95 17 32 25
85 96 18 33 24
85 96 18 33 24
85 96 18 33 24
84 96 20 33 23
84 96 20 33 23
85 96 19 33 23
84 96 20 33 23
84 96 20 33 23
86 95 17 33 25
85 96 19 32 24
86 96 18 32 24
86 96 18 32 24
86 96 18 32 24
85 96 18 32 25
85 96 19 32 24
84 96 19 33 24
84 97 18 33 24
85 96 18 32 25
87 95 16 32 26
85 96 18 32 25
87 95 17 32 25
87 95 17 32 25
87 95 17 33 24
88 95 16 32 25
86 95 18 33 24
88 95 16 32 25
86 95 18 33 24
87 95 17 32 25
88 94 17 32 25
87 95 18 32 24
88 95 17 32 24
88 95 17 32 24
88 95 17 32 24
87 95 18 32 24
88 95 17 32 24
90 94 16 32 24
88 94 18 32 24
89 94 17 32 24
88 95 17 32 24
89 94 17 32 24
88 94 17 32 25
88 95 16 32 25
86 95 19 33 23
88 94 17 32 25
89 94 16 32 25
86 96 18 32 24
87 95 17 32 25
85 96 19 32 24
87 95 18 32 24
85 96 18 33 24
87 95 17 33 24
86 95 17 33 25
86 95 18 33 24
87 95 17 32 25
87 95 17 32 25
86 95 18 33 24
89 94 16 32 25
89 94 16 32 25
87 95 17 32 25
86 96 18 32 24
86 95 17 33 25
84 97 18 33 24
86 96 17 32 25
86 96 18 32 24
86 95 19 32 24
88 95 16 32 25
86 95 19 32 24
87 95 18 32 24
86 95 18 33 24
88 95 16 32 25
87 95 18 32 24
88 95 17 32 24
89 94 17 32 24
87 95 18 32 24
89 94 16 32 25
86 95 19 33 23
88 95 17 32 24
87 95 18 32 24
85 96 19 33 23
84 96 20 33 23
85 96 18 33 24
84 96 19 33 24
85 96 18 33 24
86 96 18 32 24
85 96 18 33 24
86 95 19 33 23
86 96 18 32 24
84 96 20 33 23
86 95 19 33 23
86 95 18 33 24
87 95 19 32 23
87 95 18 32 24
86 95 18 33 24
86 95 19 32 24
85 96 19 33 23
87 95 18 32 24
85 96 19 33 23
84 97 19 32 24
85 96 19 32 24
85 96 19 33 23
85 96 19 33 23
87 95 17 32 25
88 95 16 32 25
87 95 18 32 24
88 95 16 32 25
87 95 18 32 24
88 95 16 32 25
88 94 17 32 25
87 95 17 33 24
87 95 18 32 24
88 94 17 32 25
87 95 17 33 24
89 94 16 32 25
87 95 18 32 24
89 94 17 32 24
89 94 16 32 25
88 95 17 32 24
88 94 18 32 24
89 94 16 32 25
87 95 18 32 24
89 94 17 32 24
89 94 16 32 25
88 94 17 32 25
90 94 16 31 25
88 94 17 32 25
89 94 16 32 25
87 95 19 32 23
89 94 16 32 25
88 94 18 32 24
90 93 16 32 25
89 94 16 32 25
89 94 17 32 24
88 95 17 32 24
90 94 16 32 24
87 95 17 32 25
88 94 17 32 25
87 95 18 32 24
89 94 16 32 25
88 95 17 32 24
87 95 17 32 25
88 95 17 32 24
86 96 17 32 25
87 95 17 32 25
87 95 16 32 26
85 96 18 32 25
86 96 18 32 24
86 95 18 33 24
88 95 17 32 24
88 95 16 32 25
85 96 18 33 24
86 96 16 32 26
85 96 18 32 25
86 96 17 32 25
85 96 18 33 24
86 95 18 32 25
87 95 18 32 24
88 94 17 32 25
87 95 18 32 24
89 94 16 32 25
87 95 18 32 24
87 95 18 32 24
88 94 18 32 24
88 94 18 32 24
89 94 17 32 24
88 94 17 32 25
86 95 19 33 23
86 96 18 32 24
88 95 17 32 24
87 95 18 32 24
85 96 18 33 24
85 96 18 32 25
84 97 20 32 23
85 96 18 33 24
87 95 17 32 25
86 95 19 33 23
87 95 18 32 24
86 95 19 32 24
87 95 19 32 23
87 95 18 32 24
87 95 19 32 23
87 95 18 32 24
86 95 19 32 24
88 95 17 32 24
87 95 18 32 24
85 96 19 33 23
86 96 18 32 24
85 96 19 32 24
84 97 18 33 24
85 96 19 33 23
85 95 19 33 24
86 96 18 32 24
85 96 18 33 24
86 95 17 33 25
87 95 17 32 25
89 94 16 32 25
88 95 17 32 24
87 95 18 32 24
89 94 17 32 24
89 94 16 32 25
89 94 16 32 25
88 94 18 32 24
88 94 18 32 24
89 94 17 32 24
88 94 18 32 24
89 94 17 32 24
89 94 16 32 25
88 94 18 32 24
90 93 16 32 25
87 94 19 32 24
88 94 18 32 24
90 93 16 32 25
88 94 17 32 25
89 94 17 32 24
90 93 16 32 25
89 94 17 32 24
90 93 17 32 24
88 94 18 32 24
89 94 17 32 24
87 95 18 32 24
88 94 18 32 24
90 93 16 32 25
89 94 17 32 24
88 95 17 32 24
87 95 18 32 24
89 94 17 32 24
88 95 17 32 24
87 95 18 32 24
87 95 17 33 24
88 95 16 32 25
86 96 18 32 24
86 96 18 32 24
88 95 16 32 25
86 95 18 32 25
88 95 17 32 24
88 95 17 32 24
89 94 17 32 24
88 94 17 32 25
88 95 17 32 24
86 96 18 32 24
85 96 19 33 23
86 95 18 33 24
87 95 18 32 24
86 96 17 32 25
87 95 18 32 24
87 95 18 32 24
88 94 18 32 24
87 95 19 32 23
87 94 18 33 24
89 94 17 32 24
85 95 20 33 23
88 94 18 32 24
87 95 18 32 24
87 95 18 32 24
87 95 17 32 25
85 96 18 33 24
84 96 19 33 24
84 96 19 33 24
85 96 19 32 24
87 95 19 32 23
86 95 19 33 23
87 95 19 32 23
86 95 19 33 23
87 94 19 33 23
87 94 19 32 24
87 94 19 32 24
85 95 20 33 23
87 95 18 32 24
86 95 20 32 23
86 96 18 32 24
85 96 19 33 23
84 96 20 33 23
86 96 18 32 24
86 96 18 32 24
87 95 19 32 23
86 95 19 33 23
88 94 18 32 24
85 96 18 32 25
87 95 16 33 25
86 96 18 32 24
86 96 18 32 24
88 95 16 32 25
87 95 17 32 25
88 95 16 32 25
89 94 16 32 25
90 94 15 32 25
88 94 18 32 24
89 94 17 32 24
88 94 18 32 24
90 93 16 32 25
88 94 18 32 24
88 94 18 32 24
90 93 17 32 24
88 94 18 32 24
89 93 17 32 25
89 93 18 32 24
87 94 18 33 24
89 93 17 32 25
88 94 18 32 24
89 94 17 32 24
90 93 16 32 25
89 94 17 32 24
89 94 17 32 24
90 93 17 32 24
89 94 17 32 24
90 94 16 32 24
89 94 16 32 25
89 94 16 32 25
88 95 16 32 25
88 95 16 32 25
87 95 17 33 24
87 95 17 33 24
87 95 17 32 25
87 95 16 33 25
87 95 17 32 25
86 95 18 33 24
88 95 16 32 25
89 94 16 32 25
88 94 18 32 24
89 94 16 32 25
89 94 17 32 24
90 93 16 32 25
88 94 18 32 24
87 94 18 33 24
88 94 18 32 24
87 94 19 32 24
90 93 16 32 25
90 94 15 32 25
88 95 17 32 24
89 94 17 32 24
88 95 16 32 25
87 95 18 32 24
87 95 17 32 25
85 96 18 32 25
87 95 18 32 24
87 95 18 32 24
87 95 18 32 24
88 94 18 32 24
88 93 18 33 24
86 95 19 33 23
87 94 18 33 24
88 94 18 32 24
88 94 18 32 24
87 95 19 32 23
87 95 18 32 24
87 95 18 32 24
86 95 17 33 25
85 96 18 33 24
85 96 18 33 24
86 95 18 33 24
85 96 19 33 23
87 95 18 32 24
88 94 18 32 24
88 94 18 32 24
86 95 19 32 24
86 94 19 33 24
86 95 19 32 24
87 94 19 33 23
88 94 18 32 24
88 94 18 32 24
87 95 19 32 23
87 95 18 32 24
87 95 19 32 23
85 96 18 33 24
86 96 17 32 25
86 96 17 32 25
87 95 18 32 24
87 94 18 33 24
86 95 18 33 24
87 95 16 33 25
87 95 17 32 25
86 96 18 32 24
86 96 18 32 24
87 95 18 32 24
87 95 17 32 25
88 95 17 32 24
88 95 17 32 24
89 94 16 32 25
89 94 17 32 24
88 94 18 32 24
87 94 19 33 23
88 93 18 33 24
89 94 15 32 26
87 95 14 33 27
89 93 17 32 25
88 94 18 32 24
88 94 19 32 23
89 94 17 32 24
90 93 16 32 25
90 94 16 31 25
89 94 17 32 24
89 94 16 32 25
88 95 17 32 24
87 95 17 33 24
86 96 18 32 24
87 95 17 32 25
87 95 17 32 25
86 96 17 33 24
86 95 18 33 24
87 95 17 32 25
86 96 18 32 24
88 95 17 32 24
88 94 18 32 24
88 94 18 32 24
89 94 16 32 25
86 95 17 33 25
89 94 17 32 24
89 94 17 32 24
89 94 16 32 25
89 94 17 32 24
86 95 19 32 24
87 95 18 32 24
86 95 18 33 24
86 96 18 32 24
87 95 17 32 25
85 96 18 33 24
86 96 17 32 25
86 96 18 32 24
86 96 17 32 25
87 95 18 32 24
87 95 18 32 24
87 94 18 33 24
87 94 17 33 25
90 94 15 32 25
88 94 17 32 25
88 94 18 32 24
88 95 17 32 24
88 95 17 32 24
85 96 19 33 23
87 95 17 32 25
85 96 19 33 23
85 96 18 32 25
86 96 18 32 24
85 96 18 33 24
85 96 19 32 24
85 96 19 33 23
85 96 19 33 23
86 95 19 32 24
89 94 18 32 23
87 95 19 32 23
87 94 18 33 24
86 95 19 33 23
86 94 19 33 24
87 94 19 32 24
87 95 18 32 24
88 94 18 32 24
87 95 18 32 24
86 95 18 32 25
85 96 18 33 24
84 97 18 33 24
85 96 18 32 25
87 95 19 32 23
88 94 18 32 24
87 95 16 32 26
86 95 17 33 25
88 95 16 32 25
87 95 18 32 24
87 95 17 32 25
87 95 17 32 25
88 95 17 32 24
87 95 18 32 24
89 94 17 32 24
89 94 16 32 25
90 94 15 32 25
88 94 18 32 24
90 93 16 32 25
88 94 18 32 24
88 94 18 32 24
89 93 17 32 25
88 94 18 32 24
90 93 16 32 25
88 94 18 32 24
89 94 16 32 25
88 94 17 32 25
88 94 17 32 25
87 95 18 32 24
87 95 18 32 24
87 95 17 32 25
87 95 17 32 25
87 95 18 32 24
88 95 16 32 25
86 96 17 32 25
87 95 17 32 25
87 95 17 32 25
87 95 18 32 24
85 96 19 32 24
89 94 16 32 25
89 94 17 32 24
89 94 16 32 25
86 94 19 33 24
87 94 19 32 24
89 93 17 32 25
89 94 17 32 24
88 95 17 32 24
84 97 19 32 24
87 95 18 32 24
87 95 17 32 25
85 96 19 32 24
86 96 18 32 24
87 95 17 32 25
86 95 18 33 24
87 95 17 32 25
89 94 17 32 24
88 94 18 32 24
88 94 18 32 24
87 94 18 33 24
88 94 18 32 24
87 95 18 32 24
87 95 17 32 25
86 95 18 33 24
87 95 17 33 24
86 95 18 33 24
85 96 19 32 24
85 96 18 33 24
85 96 18 33 24
85 96 18 33 24
85 96 19 33 23
87 95 18 32 24
88 94 18 32 24
87 95 18 32 24
87 94 19 32 24
86 94 19 33 24
87 94 19 32 24
88 94 18 32 24
87 95 18 32 24
87 95 19 32 23
85 96 19 32 24
84 96 20 33 23
86 96 18 32 24
86 96 18 32 24
85 96 17 32 26
86 95 18 33 24
86 96 18 32 24
86 96 18 32 24
86 96 18 32 24
84 96 19 33 24
85 96 19 33 23
84 96 20 33 23
88 95 16 32 25
86 95 18 33 24
87 95 18 32 24
87 95 18 32 24
87 95 18 32 24
87 94 19 32 24
87 94 19 32 24
88 94 18 32 24
87 94 18 33 24
87 94 19 33 23
88 94 18 32 24
88 94 18 32 24
87 95 18 32 24
88 94 18 32 24
86 95 18 33 24
88 95 17 32 24
85 96 18 33 24
86 96 18 32 24
87 95 17 32 25
85 96 18 33 24
86 95 18 33 24
84 97 18 32 25
84 96 18 33 25
87 95 17 32 25
87 95 17 32 25
88 94 17 32 25
89 94 17 32 24
89 93 17 32 25
89 93 17 32 25
88 94 18 32 24
88 94 18 32 24
88 95 17 32 24
87 95 17 33 24
86 96 17 32 25
86 95 18 32 25
87 95 17 32 25
89 94 17 32 24
87 95 18 32 24
87 94 19 32 24
88 94 18 32 24
88 94 18 32 24
86 94 19 33 24
88 94 18 32 24
89 94 17 32 24
89 94 16 32 25
87 95 17 32 25
85 96 17 33 25
88 95 16 32 25
87 95 17 32 25
87 95 17 32 25
88 95 17 32 24
86 96 18 32 24
88 95 17 32 24
89 94 17 32 24
89 94 17 32 24
89 93 17 32 25
90 93 17 32 24
89 94 17 32 24
89 94 17 32 24
89 94 17 32 24
87 95 17 32 25
89 94 16 32 25
88 95 17 32 24
87 95 17 32 25
88 95 16 32 25
86 96 16 33 25
84 96 19 33 24
85 96 18 33 24
86 95 18 33 24
85 96 18 32 25
85 96 18 33 24
84 96 20 33 23
87 95 17 32 25
87 95 18 32 24
87 95 18 32 24
85 96 19 32 24
87 95 18 32 24
88 94 18 32 24
88 94 18 32 24
88 94 18 32 24
88 94 18 32 24
86 94 19 33 24
87 94 19 33 23
88 94 18 32 24
88 94 18 32 24
87 95 18 32 24
87 95 18 32 24
87 95 18 32 24
86 95 18 33 24
85 95 19 33 24
85 96 19 33 23
86 96 18 32 24
85 96 19 33 23
86 96 18 32 24
86 96 17 32 25
85 96 18 33 24
86 96 17 32 25
87 95 17 32 25
86 96 17 32 25
88 95 17 32 24
87 95 18 32 24
87 95 18 32 24
89 93 18 32 24
88 94 18 32 24
88 94 17 32 25
88 94 18 32 24
87 95 17 32 25
87 95 18 32 24
87 95 16 32 26
87 95 17 32 25
87 95 17 32 25
87 95 17 32 25
87 95 17 32 25
89 94 16 32 25
88 94 17 32 25
90 93 16 32 25
89 94 17 32 24
89 93 16 32 26
87 95 19 32 23
88 94 18 32 24
90 93 17 32 24
89 94 17 32 24
89 94 16 32 25
88 95 17 32 24
87 95 18 32 24
86 95 18 33 24
85 96 18 32 25
88 95 16 32 25
86 95 18 32 25
87 95 17 32 25
88 95 16 32 25
90 93 16 32 25
89 93 17 32 25
90 93 18 31 24
86 94 19 33 24
89 93 18 32 24
87 94 19 32 24
90 93 17 32 24
89 94 16 32 25
87 95 17 32 25
86 96 17 32 25
88 95 16 32 25
86 95 17 33 25
87 95 16 32 26
88 94 17 32 25
90 94 15 32 25
90 94 15 32 25
89 94 17 32 24
88 94 17 32 25
88 95 16 32 25
84 97 18 33 24
84 96 19 33 24
85 96 18 33 24
86 96 18 32 24
85 96 19 32 24
86 96 18 32 24
87 95 17 32 25
87 95 18 32 24
87 95 18 32 24
88 94 18 32 24
86 95 19 33 23
88 94 18 32 24
87 95 18 32 24
87 94 18 33 24
87 94 19 32 24
88 94 18 32 24
88 94 18 32 24
87 94 19 33 23
85 95 20 33 23
89 94 17 32 24
88 94 18 32 24
85 95 20 33 23
86 95 19 33 23
87 95 18 32 24
88 95 17 32 24
85 96 19 33 23
84 96 20 33 23
85 96 18 33 24
85 96 19 32 24
85 96 18 33 24
83 97 19 33 24
87 95 17 32 25
86 96 18 32 24
87 95 17 32 25
89 94 16 32 25
89 94 17 32 24
89 93 18 32 24
87 94 19 33 23
88 94 19 32 23
90 93 17 32 24
88 94 18 32 24
89 93 17 33 24
86 95 19 32 24
88 94 18 32 24
91 93 16 32 24
89 94 16 32 25
87 95 17 32 25
86 95 19 32 24
86 95 18 32 25
85 96 17 33 25
87 95 16 33 25
85 96 18 33 24
87 95 17 32 25
87 95 17 32 25
88 94 17 32 25
89 94 17 32 24
88 94 17 32 25
88 94 18 32 24
89 94 17 32 24
89 94 17 32 24
88 94 18 32 24
88 93 18 33 24
88 94 18 32 24
90 93 17 32 24
87 95 17 32 25
89 94 18 32 23
87 95 18 32 24
88 94 17 32 25
89 94 17 32 24
86 95 18 33 24
86 95 17 33 25
86 96 18 32 24
87 95 17 32 25
85 96 17 33 25
87 96 16 32 25
87 95 17 32 25
88 95 16 32 25
89 94 16 32 25
89 94 17 32 24
90 93 16 32 25
90 93 16 32 25
89 93 17 32 25
89 93 18 32 24
90 93 17 32 24
89 94 17 32 24
91 93 16 32 24
89 94 17 32 24
88 95 17 32 24
88 95 16 32 25
88 95 16 32 25
89 94 16 32 25
89 94 16 32 25
85 96 18 33 24
86 96 17 32 25
85 96 18 33 24
86 95 18 33 24
85 96 18 33 24
86 95 19 33 23
86 96 18 32 24
84 96 19 33 24
87 95 17 32 25
86 95 18 33 24
86 96 18 32 24
86 95 19 32 24
88 94 18 32 24
87 94 19 32 24
86 95 19 32 24
87 94 19 33 23
88 94 17 32 25
88 94 18 32 24
87 94 19 33 23
87 94 19 33 23
88 94 18 32 24
88 94 18 33 23
88 94 18 32 24
86 95 19 33 23
87 95 18 32 24
86 95 19 33 23
87 95 18 32 24
85 96 19 32 24
85 96 19 33 23
86 95 18 33 24
86 95 18 33 24
84 96 19 33 24
83 97 19 33 24
87 95 17 32 25
87 95 18 32 24
86 96 18 32 24
88 95 17 32 24
88 95 17 32 24
89 94 17 32 24
87 95 18 32 24
88 94 18 32 24
89 94 17 32 24
90 93 16 32 25
89 94 17 32 24
88 94 18 32 24
87 95 19 32 23
90 94 16 32 24
89 94 17 32 24
87 95 18 32 24
88 95 17 32 24
88 95 16 32 25
86 96 17 32 25
87 95 17 32 25
87 95 17 32 25
87 95 18 32 24
86 96 18 32 24
88 95 17 32 24
87 95 18 32 24
89 94 17 32 24
87 95 18 32 24
89 94 16 32 25
89 94 17 32 24
88 94 18 32 24
89 94 17 32 24
90 93 16 32 25
89 94 17 32 24
91 93 16 32 24
89 94 17 32 24
91 93 16 32 24
89 94 17 32 24
88 94 17 32 25
87 95 18 32 24
87 95 18 32 24
87 95 18 32 24
85 96 17 33 25
84 96 18 33 25
87 95 16 32 26
88 94 17 32 25
87 95 17 32 25
89 94 16 32 25
89 94 16 32 25
90 94 16 32 24
90 93 16 32 25
90 94 15 32 25
89 94 16 32 25
89 94 16 32 25
88 95 16 32 25
86 96 17 32 25
88 95 16 32 25
88 95 16 32 25
85 96 17 33 25
83 97 19 33 24
85 96 18 32 25
84 97 19 33 23
87 95 17 32 25
86 95 18 33 24
84 96 19 33 24
86 96 18 32 24
86 95 19 32 24
87 95 18 32 24
86 95 18 33 24
84 96 20 33 23
85 96 19 32 24
86 95 19 32 24
88 94 17 32 25
86 95 19 33 23
88 94 18 32 24
88 94 18 32 24
88 94 18 32 24
87 95 18 32 24
88 94 17 33 24
89 94 17 32 24
87 95 19 32 23
88 94 17 32 25
87 95 19 32 23
85 96 19 33 23
87 95 18 32 24
85 96 19 32 24
85 96 19 33 23
84 96 20 33 23
85 96 18 32 25
84 96 19 33 24
85 96 18 32 25
84 96 19 33 24
85 96 18 33 24
85 96 18 33 24
86 96 17 32 25
87 95 17 32 25
86 96 18 32 24
86 96 18 32 24
88 95 17 32 24
88 95 17 32 24
86 95 18 33 24
89 94 16 32 25
90 94 16 32 24
89 94 16 32 25
88 95 17 32 24
86 95 18 33 24
86 95 18 33 24
85 96 19 32 24
87 95 17 32 25
86 96 18 32 24
86 96 17 32 25
85 97 17 32 25
86 96 17 32 25
87 95 17 32 25
87 95 17 32 25
87 95 18 32 24
87 95 17 32 25
88 94 17 32 25
88 94 18 32 24
89 94 17 32 24
90 94 15 32 25
89 94 17 32 24
90 93 16 32 25
88 94 17 32 25
89 94 16 32 25
90 94 16 31 25
88 95 17 32 24
87 95 17 32 25
85 96 18 33 24
86 95 18 33 24
85 96 18 33 24
86 96 16 32 26
87 95 17 32 25
88 95 15 32 26
87 95 17 32 25
89 94 16 32 25
89 94 16 32 25
88 94 17 32 25
89 94 17 32 24
89 94 16 32 25
87 95 18 32 24
88 94 18 32 24
88 95 17 32 24
87 95 18 32 24
87 95 17 32 25
86 96 17 32 25
86 96 16 32 26
87 95 16 33 25
84 97 18 33 24
85 96 18 33 24
86 96 17 32 25
84 97 19 32 24
84 96 19 33 24
85 96 18 33 24
85 96 18 33 24
85 96 19 33 23
86 96 18 32 24
85 96 19 32 24
86 95 18 33 24
85 96 19 33 23
85 96 19 32 24
86 95 19 32 24
88 95 17 32 24
85 95 20 33 23
86 95 19 32 24
88 94 17 32 25
88 94 18 32 24
87 95 18 32 24
86 95 19 33 23
85 95 20 33 23
86 95 18 33 24
85 96 19 33 23
85 96 19 33 23
87 95 18 32 24
87 95 17 32 25
85 96 18 32 25
84 96 19 33 24
86 96 17 32 25
84 96 20 33 23
83 97 19 33 24
86 96 17 32 25
87 95 17 32 25
88 95 16 32 25
87 95 17 32 25
88 95 17 32 24
87 95 17 32 25
89 94 17 32 24
88 94 18 32 24
88 95 17 32 24
88 94 17 32 25
86 96 18 32 24
85 96 17 33 25
88 95 16 32 25
87 95 16 32 26
86 96 18 32 24
86 96 17 32 25
87 95 17 32 25
86 96 18 32 24
87 95 17 32 25
87 95 18 32 24
87 95 17 32 25
87 95 18 32 24
85 96 18 33 24
86 96 18 32 24
87 95 16 32 26
86 96 17 32 25
87 96 16 32 25
87 95 16 32 26
88 95 16 32 25
88 95 16 32 25
87 95 18 32 24
88 95 16 32 25
87 95 17 32 25
88 95 17 32 24
89 94 16 32 25
87 95 18 32 24
88 94 17 32 25
91 94 15 31 25
90 94 16 32 24
89 94 17 32 24
88 95 17 32 24
88 95 17 32 24
89 94 16 32 25
87 95 17 32 25
88 95 17 32 24
87 95 17 33 24
85 96 18 33 24
86 96 16 32 26
83 97 20 33 23
85 96 18 33 24
85 96 17 33 25
84 96 19 33 24
84 96 20 33 23
85 96 18 32 25
88 95 16 32 25
86 95 19 33 23
86 96 18 32 24
85 96 19 32 24
86 95 19 33 23
87 95 18 32 24
86 95 18 33 24
88 94 17 32 25
85 96 19 32 24
85 96 19 33 23
85 96 19 33 23
86 95 18 33 24
86 95 19 32 24
86 95 18 33 24
84 96 19 33 24
85 96 18 33 24
84 97 18 33 24
85 96 17 33 25
84 97 19 32 24
87 95 17 32 25
86 96 18 32 24
86 96 17 32 25
86 96 18 32 24
87 95 18 32 24
87 95 18 32 24
88 95 17 32 24
87 95 18 32 24
86 95 18 33 24
88 95 16 32 25
88 95 16 32 25
85 96 18 33 24
87 95 17 32 25
86 95 17 33 25
86 96 16 32 26
86 96 16 32 26
84 97 18 32 25
85 96 17 33 25
86 95 17 33 25
85 96 17 33 25
88 95 17 32 24
89 94 16 32 25
87 95 17 33 24
87 95 17 32 25
89 94 16 32 25
86 96 18 32 24
87 95 17 32 25
85 96 18 33 24
85 96 17 33 25
86 96 17 32 25
87 95 17 32 25
87 95 17 32 25
85 96 18 33 24
87 95 18 32 24
88 95 17 32 24
89 94 16 32 25
86 95 17 33 25
87 95 17 32 25
88 95 17 32 24
86 95 18 33 24
87 95 17 32 25
88 95 15 32 26
87 95 16 32 26
85 96 18 32 25
84 97 18 33 24
85 96 18 32 25
85 96 19 33 23
85 96 18 33 24
85 96 19 32 24
84 96 20 33 23
86 96 18 32 24
84 96 20 33 23
86 95 18 33 24
87 95 17 32 25
87 95 17 32 25
86 96 18 32 24
84 96 20 33 23
85 96 18 32 25
86 95 18 33 24
85 96 19 32 24
84 97 19 33 23
85 96 18 32 25
84 96 19 33 24
85 96 18 32 25
86 96 18 32 24
86 95 18 33 24
84 97 19 32 24
84 96 18 33 25
85 96 18 33 24
86 96 17 32 25
87 95 17 32 25
86 95 18 33 24
88 95 17 32 24
88 95 17 32 24
86 95 18 33 24
87 95 17 32 25
85 96 19 32 24
87 95 17 32 25
85 96 18 33 24
87 95 16 32 26
87 95 17 32 25
86 96 17 32 25
86 96 18 32 24
86 96 18 32 24
87 95 18 32 24
85 96 18 33 24
87 95 17 32 25
86 96 17 32 25
85 96 18 33 24
86 96 17 32 25
87 95 17 32 25
87 95 17 32 25
87 95 17 32 25
87 95 17 32 25
87 95 17 32 25
88 95 16 32 25
89 94 16 32 25
87 95 17 32 25
87 95 17 32 25
86 96 17 32 25
87 95 17 32 25
88 95 16 32 25
87 95 17 32 25
87 95 17 32 25
89 94 16 32 25
87 95 17 32 25
87 95 17 32 25
86 96 17 32 25
85 96 18 33 24
86 96 17 32 25
85 96 18 33 24
84 96 19 33 24
85 96 18 33 24
86 96 17 32 25
85 96 18 33 24
84 96 19 33 24
85 96 18 33 24
84 96 19 33 24
85 96 19 33 23
85 96 18 33 24
85 96 19 32 24
86 96 18 32 24
85 96 18 33 24
84 96 19 33 24
83 97 20 33 23
85 96 18 32 25
86 96 17 32 25
87 95 16 32 26
86 96 17 32 25
85 96 18 33 24
85 96 18 32 25
85 96 17 33 25
86 95 17 33 25
86 96 18 32 24
86 96 18 32 24
87 95 17 32 25
87 95 16 32 26
86 96 17 32 25
85 96 18 33 24
84 96 19 33 24
85 96 18 33 24
86 96 17 32 25
86 96 17 32 25
85 96 18 33 24
86 96 18 32 24
86 96 18 32 24
87 95 17 32 25
86 95 18 33 24
86 96 17 33 24
86 95 17 33 25
86 96 17 32 25
87 95 17 32 25
87 95 17 32 25
87 95 17 32 25
87 95 17 32 25
87 95 17 33 24
87 95 17 32 25
86 95 17 33 25
85 96 18 32 25
88 95 15 32 26
87 96 16 32 25
87 95 17 32 25
85 96 18 32 25
86 95 18 33 24
87 95 17 33 24
85 96 17 33 25
85 96 18 33 24
84 97 18 33 24
85 96 18 33 24
87 95 17 32 25
86 96 17 32 25
85 96 18 32 25
86 96 17 32 25
85 96 18 33 24
85 96 18 33 24
86 95 17 33 25
87 95 17 32 25
86 96 17 32 25
86 95 17 33 25
88 95 16 32 25
87 95 17 33 24
85 96 18 33 24
87 95 16 33 25
88 95 15 33 25
87 95 17 32 25
