0.026967510423255153
0.04066166694634121
0.035076351150753186
0.03446967252262137
0.035455847994733516
0.032004233842341
0.02837836093505957
0.023780511417175458
0.019883569335622363
0.021480295852641634
0.01844173948961547
0.0199119670586413
0.021854629474254882
0.0218623743078055
0.02107627370241768
0.02207406642485575
0.02192820539298576
0.019857753223786967
0.020741955054149296
0.01806482425681868
0.019120703230886396
0.019514398936376194
0.02018303623291296
0.01923558492855391
0.01930657923610125
0.01828942442978663
0.016053749144841294
0.01814227259232487
0.01856178440965006
0.019581520827148223
0.01907681584076622
0.015550334964051064
0.016794671554517176
0.016282221734584556
0.017869912612461437
0.01676240141472293
0.018042880561758595
0.018572110854384222
0.01778084702662932
0.017459436434278632
0.01894257205922216
0.020246285706909683
0.019254947012430457
0.01691471647455177
0.016199610176711284
0.019564740354455216
0.015226342760516839
0.007498289682590905
